LEDISAS2	Code = 62	
SubNo	Group(1=OHRHV,SLRLV; 2=OHRLV,SLRHV; 3=OLRHV,SHRLV, 4 = OLRLV,SHRHV)	Block_trial	Block	VarDist_cond	Run_number	Targ1_position	Targ2_position	Red_targ_digit	Blue_targ_digit	Response	Targ_Choice	Acc	RewardOutcome(0=inaccurate;1=lowReward;2=highReward)	VarianceOutcome(0=inaccurate; 1=lowVariance; 2=highVariance)	OutcomeValue	Points	RT	Optimal_Choice	Repeat_Switch
62	2	1	0	2	1	50	3	4	2	4	1	1	NaN	NaN	0	0	13000	1	NaN
62	2	2	0	2	2	36	35	2	5	2	1	1	NaN	NaN	0	0	4460	1	1
62	2	3	0	2	3	10	34	3	2	3	1	1	NaN	NaN	0	0	3970	1	1
62	2	4	0	2	4	15	21	2	4	2	1	1	NaN	NaN	0	0	2154	1	1
62	2	5	0	2	5	37	20	5	4	5	1	1	NaN	NaN	0	0	4820	1	1
62	2	6	0	1	1	45	49	2	5	2	1	1	NaN	NaN	0	0	4174	0	1
62	2	7	0	1	2	32	53	4	3	4	1	1	NaN	NaN	0	0	3457	0	1
62	2	8	0	1	3	53	39	3	2	2	2	1	NaN	NaN	0	0	4370	1	2
62	2	9	0	1	4	52	18	5	4	4	2	1	NaN	NaN	0	0	2682	1	1
62	2	10	0	1	5	35	33	4	3	3	2	1	NaN	NaN	0	0	2281	1	1
62	2	1	1	2	1	3	44	5	2	5	1	1	2	1	3.950000e+00	3.950000e+00	2305	1	NaN
62	2	2	1	2	2	54	41	4	2	4	1	1	2	1	3.800000e+00	7.750000e+00	3711	1	1
62	2	3	1	2	3	44	10	3	4	3	1	1	2	1	4.010000e+00	1.176000e+01	2783	1	1
62	2	4	1	2	4	48	54	3	2	3	1	1	2	1	4.030000e+00	1.579000e+01	2198	1	1
62	2	5	1	2	5	34	52	3	2	3	1	1	2	1	3.860000e+00	1.965000e+01	2198	1	1
62	2	6	1	1	1	25	32	5	3	4	0	0	0	0	0	1.965000e+01	2981	NaN	NaN
62	2	7	1	1	2	2	31	3	2	3	1	1	1	2	2.560000e+00	2.221000e+01	3025	0	NaN
62	2	8	1	1	3	47	3	2	4	4	2	1	2	1	4.140000e+00	2.635000e+01	3532	1	2
62	2	9	1	1	4	15	4	5	3	3	2	1	2	1	4	3.035000e+01	2695	1	1
62	2	10	1	1	5	36	43	5	2	2	2	1	2	1	4.040000e+00	3.439000e+01	2712	1	1
62	2	11	1	2	1	12	39	4	3	3	2	1	1	2	2.080000e+00	3.647000e+01	12097	0	1
62	2	12	1	2	2	47	22	5	2	5	1	1	2	1	3.980000e+00	4.045000e+01	10353	1	2
62	2	13	1	2	3	25	34	2	3	2	1	1	2	1	4.090000e+00	4.454000e+01	1216	1	1
62	2	14	1	2	4	36	42	3	2	3	1	1	2	1	3.930000e+00	4.847000e+01	2838	1	1
62	2	15	1	1	1	13	53	5	3	5	1	1	1	2	3.030000e+00	5.150000e+01	1289	0	1
62	2	16	1	2	1	23	3	3	5	3	1	1	2	1	3.980000e+00	5.548000e+01	3238	1	1
62	2	17	1	2	2	36	12	4	2	4	1	1	2	1	4.010000e+00	5.949000e+01	2985	1	1
62	2	18	1	1	1	50	45	2	3	2	1	1	1	2	2.500000e+00	6.199000e+01	3041	0	1
62	2	19	1	1	2	5	9	3	4	3	1	1	1	2	2.030000e+00	6.402000e+01	5552	0	1
62	2	20	1	1	3	49	41	2	3	2	1	1	1	2	1.950000e+00	6.597000e+01	9295	0	1
62	2	21	1	2	1	10	19	4	5	4	1	1	2	1	3.900000e+00	6.987000e+01	4871	1	1
62	2	22	1	2	2	28	2	5	4	5	1	1	2	1	4.030000e+00	7.390000e+01	2566	1	1
62	2	23	1	2	3	24	19	3	4	3	1	1	2	1	3.840000e+00	7.774000e+01	6407	1	1
62	2	24	1	1	1	1	15	4	5	4	1	1	1	2	2.340000e+00	8.008000e+01	2142	0	1
62	2	25	1	1	2	48	12	4	5	4	1	1	1	2	2.770000e+00	8.285000e+01	1593	0	1
62	2	26	1	1	3	45	11	5	3	5	1	1	1	2	1.670000e+00	8.452000e+01	3232	0	1
62	2	27	1	1	4	8	37	2	4	2	1	1	1	2	2.400000e+00	8.692000e+01	1623	0	1
62	2	28	1	1	5	40	52	4	2	2	2	1	2	1	4.150000e+00	9.107000e+01	6905	1	2
62	2	29	1	1	6	41	4	3	4	4	2	1	2	1	3.810000e+00	9.488000e+01	2152	1	1
62	2	30	1	2	1	14	23	4	3	3	2	1	1	2	1.320000e+00	9.620000e+01	3937	0	1
62	2	31	1	1	1	32	34	4	3	2	0	0	0	0	0	9.620000e+01	2601	NaN	NaN
62	2	32	1	1	2	47	13	5	4	4	2	1	2	1	4.070000e+00	1.002700e+02	2571	1	NaN
62	2	33	1	1	3	42	33	2	4	4	2	1	2	1	3.950000e+00	1.042200e+02	2382	1	1
62	2	34	1	1	4	12	39	2	3	3	2	1	2	1	4.080000e+00	1.083000e+02	3049	1	1
62	2	35	1	2	1	5	17	3	5	5	2	1	1	2	2.380000e+00	1.106800e+02	1393	0	1
62	2	36	1	2	2	47	13	5	3	3	2	1	1	2	2.340000e+00	1.130200e+02	2258	0	1
62	2	37	1	2	3	22	18	2	4	4	2	1	1	2	2.610000e+00	1.156300e+02	3311	0	1
62	2	38	1	2	4	43	17	4	5	5	2	1	1	2	2.320000e+00	1.179500e+02	5791	0	1
62	2	39	1	2	5	11	13	5	4	4	2	1	1	2	2.560000e+00	1.205100e+02	5014	0	1
62	2	40	1	2	6	34	20	2	4	4	2	1	1	2	1.430000e+00	1.219400e+02	2977	0	1
62	2	41	1	1	1	17	3	3	5	5	2	1	2	1	4	1.259400e+02	1591	1	1
62	2	42	1	1	2	25	7	2	5	5	2	1	2	1	3.980000e+00	1.299200e+02	2671	1	1
62	2	43	1	2	1	41	18	4	5	5	2	1	1	2	1.240000e+00	1.311600e+02	6785	0	1
62	2	44	1	1	1	51	52	3	2	2	2	1	2	1	4.030000e+00	1.351900e+02	2210	1	1
62	2	45	1	1	2	7	10	3	5	5	2	1	2	1	3.880000e+00	1.390700e+02	1455	1	1
62	2	46	1	1	3	45	35	3	2	2	2	1	2	1	4.170000e+00	1.432400e+02	3345	1	1
62	2	47	1	1	4	39	33	5	3	3	2	1	2	1	3.910000e+00	1.471500e+02	2993	1	1
62	2	48	1	1	5	22	31	2	5	5	2	1	2	1	4.060000e+00	1.512100e+02	1614	1	1
62	2	49	1	1	6	43	48	3	5	5	2	1	2	1	4.030000e+00	1.552400e+02	2264	1	1
62	2	50	1	2	1	50	15	5	4	4	2	1	1	2	1.570000e+00	1.568100e+02	6434	0	1
62	2	51	1	2	2	40	15	2	4	4	2	1	1	2	9.800000e-01	1.577900e+02	1327	0	1
62	2	52	1	2	3	16	38	4	2	2	2	1	1	2	1.970000e+00	1.597600e+02	8056	0	1
62	2	53	1	1	1	14	30	5	2	2	2	1	2	1	3.880000e+00	1.636400e+02	2507	1	1
62	2	54	1	1	2	40	3	2	5	5	2	1	2	1	4.070000e+00	1.677100e+02	4752	1	1
62	2	55	1	1	3	39	27	4	5	5	2	1	2	1	4.060000e+00	1.717700e+02	4192	1	1
62	2	56	1	1	4	21	5	5	3	3	2	1	2	1	4.200000e+00	1.759700e+02	2680	1	1
62	2	57	1	2	1	36	11	3	2	2	2	1	1	2	2.280000e+00	1.782500e+02	4835	0	1
62	2	58	1	2	2	13	25	5	4	4	2	1	1	2	1.700000e+00	1.799500e+02	5441	0	1
62	2	59	1	2	3	13	16	2	3	3	2	1	1	2	2.180000e+00	1.821300e+02	4656	0	1
62	2	60	1	2	4	45	31	5	2	2	2	1	1	2	1.520000e+00	1.836500e+02	5874	0	1
62	2	61	1	2	5	44	39	4	3	4	1	1	2	1	4	1.876500e+02	1649	1	2
62	2	62	1	1	1	37	11	5	4	5	1	1	1	2	1.980000e+00	1.896300e+02	7568	0	1
62	2	63	1	1	2	9	28	2	5	2	1	1	1	2	2	1.916300e+02	3752	0	1
62	2	64	1	1	3	30	42	2	3	2	1	1	1	2	1.850000e+00	1.934800e+02	5802	0	1
62	2	65	1	2	1	48	45	3	4	3	1	1	2	1	4.130000e+00	1.976100e+02	3875	1	1
62	2	66	1	2	2	6	15	3	5	3	1	1	2	1	3.780000e+00	2.013900e+02	3000	1	1
62	2	67	1	2	3	49	13	4	3	4	1	1	2	1	4.050000e+00	2.054400e+02	1951	1	1
62	2	68	1	2	4	11	33	5	2	5	1	1	2	1	4.110000e+00	2.095500e+02	1341	1	1
62	2	69	1	2	5	34	28	2	4	2	1	1	2	1	4.090000e+00	2.136400e+02	1855	1	1
62	2	70	1	2	6	43	8	4	2	4	1	1	2	1	4.070000e+00	2.177100e+02	2792	1	1
62	2	71	1	1	1	4	23	2	5	2	1	1	1	2	2.020000e+00	2.197300e+02	2529	0	1
62	2	72	1	1	2	17	50	2	3	2	1	1	1	2	2.320000e+00	2.220500e+02	4767	0	1
62	2	73	1	1	3	34	1	5	2	5	1	1	1	2	2.270000e+00	2.243200e+02	1424	0	1
62	2	74	1	1	4	2	16	3	5	3	1	1	1	2	1.880000e+00	2.262000e+02	2024	0	1
62	2	75	1	1	5	16	53	4	3	4	1	1	1	2	1.820000e+00	2.280200e+02	1664	0	1
62	2	76	1	2	1	27	14	4	2	4	1	1	2	1	3.970000e+00	2.319900e+02	3118	1	1
62	2	77	1	2	2	17	10	2	5	3	0	0	0	0	0	2.319900e+02	3224	NaN	NaN
62	2	78	1	2	3	34	33	3	4	3	1	1	2	1	3.830000e+00	2.358200e+02	1959	1	NaN
62	2	79	1	2	4	15	43	2	5	2	1	1	2	1	3.970000e+00	2.397900e+02	3112	1	1
62	2	80	1	1	1	11	49	4	2	4	1	1	1	2	2.060000e+00	2.418500e+02	3888	0	1
62	2	81	1	1	2	20	18	3	4	3	1	1	1	2	2.150000e+00	244	2201	0	1
62	2	82	1	2	1	3	34	5	4	5	1	1	2	1	4.170000e+00	2.481700e+02	1665	1	1
62	2	83	1	2	2	24	44	4	5	4	1	1	2	1	3.960000e+00	2.521300e+02	1665	1	1
62	2	84	1	1	1	53	23	4	3	4	1	1	1	2	2.290000e+00	2.544200e+02	2090	0	1
62	2	1	2	1	1	17	36	3	5	3	1	1	1	2	2.380000e+00	2.568000e+02	6376	0	NaN
62	2	2	2	1	2	23	11	4	5	4	1	1	1	2	2.440000e+00	2.592400e+02	4247	0	1
62	2	3	2	1	3	11	44	5	3	5	1	1	1	2	1.530000e+00	2.607700e+02	2822	0	1
62	2	4	2	2	1	39	53	3	4	3	1	1	2	1	4.020000e+00	2.647900e+02	3409	1	1
62	2	5	2	2	2	19	18	3	4	3	1	1	2	1	4.030000e+00	2.688200e+02	3294	1	1
62	2	6	2	2	3	3	29	4	2	4	1	1	2	1	3.880000e+00	2.727000e+02	1513	1	1
62	2	7	2	2	4	2	15	4	2	4	1	1	2	1	3.910000e+00	2.766100e+02	2688	1	1
62	2	8	2	2	5	6	37	5	3	5	1	1	2	1	4.130000e+00	2.807400e+02	3553	1	1
62	2	9	2	2	6	30	54	2	5	2	1	1	2	1	3.980000e+00	2.847200e+02	2403	1	1
62	2	10	2	1	1	25	9	2	5	2	1	1	1	2	2.180000e+00	2.869000e+02	5144	0	1
62	2	11	2	2	1	5	32	5	4	5	1	1	2	1	4.010000e+00	2.909100e+02	2808	1	1
62	2	12	2	2	2	47	13	2	3	2	1	1	2	1	3.930000e+00	2.948400e+02	1256	1	1
62	2	13	2	1	1	7	43	2	3	2	1	1	1	2	1.740000e+00	2.965800e+02	4824	0	1
62	2	14	2	1	2	12	30	2	4	4	2	1	2	1	4.050000e+00	3.006300e+02	2291	1	2
62	2	15	2	1	3	24	42	5	3	3	2	1	2	1	3.890000e+00	3.045200e+02	1919	1	1
62	2	16	2	1	4	34	52	3	5	5	2	1	2	1	4.090000e+00	3.086100e+02	2951	1	1
62	2	17	2	2	1	1	15	4	2	2	2	1	1	2	2.270000e+00	3.108800e+02	6575	0	1
62	2	18	2	1	1	17	10	2	5	5	2	1	2	1	3.900000e+00	3.147800e+02	2487	1	1
62	2	19	2	1	2	11	43	4	5	5	2	1	2	1	3.970000e+00	3.187500e+02	2974	1	1
62	2	20	2	1	3	26	32	5	2	2	2	1	2	1	3.860000e+00	3.226100e+02	3391	1	1
62	2	21	2	1	4	23	21	2	5	5	2	1	2	1	3.740000e+00	3.263500e+02	2785	1	1
62	2	22	2	1	5	48	44	4	3	3	2	1	2	1	4.120000e+00	3.304700e+02	3532	1	1
62	2	23	2	1	6	44	32	3	4	4	2	1	2	1	3.940000e+00	3.344100e+02	3586	1	1
62	2	24	2	2	1	52	24	2	4	4	2	1	1	2	2.150000e+00	3.365600e+02	3442	0	1
62	2	25	2	2	2	35	25	3	2	2	2	1	1	2	2.110000e+00	3.386700e+02	2255	0	1
62	2	26	2	2	3	39	12	3	2	2	2	1	1	2	2.010000e+00	3.406800e+02	1759	0	1
62	2	27	2	1	1	28	14	4	5	5	2	1	2	1	3.880000e+00	3.445600e+02	3328	1	1
62	2	28	2	1	2	27	6	2	4	4	2	1	2	1	3.890000e+00	3.484500e+02	2439	1	1
62	2	29	2	1	3	54	3	5	2	2	2	1	2	1	3.960000e+00	3.524100e+02	1585	1	1
62	2	30	2	1	4	16	27	4	2	2	2	1	2	1	3.860000e+00	3.562700e+02	2456	1	1
62	2	31	2	1	5	42	50	2	3	3	2	1	2	1	3.880000e+00	3.601500e+02	2768	1	1
62	2	32	2	2	1	32	31	4	2	2	2	1	1	2	2.690000e+00	3.628400e+02	1473	0	1
62	2	33	2	2	2	49	46	5	4	4	2	1	1	2	2.030000e+00	3.648700e+02	4988	0	1
62	2	34	2	2	3	18	8	5	2	2	2	1	1	2	1.430000e+00	3.663000e+02	1993	0	1
62	2	35	2	2	4	51	44	3	4	4	2	1	1	2	1.980000e+00	3.682800e+02	5208	0	1
62	2	36	2	1	1	35	40	4	3	3	2	1	2	1	3.870000e+00	3.721500e+02	1631	1	1
62	2	37	2	1	2	15	20	5	2	2	2	1	2	1	3.840000e+00	3.759900e+02	2496	1	1
62	2	38	2	2	1	26	5	3	5	5	2	1	1	2	1.880000e+00	3.778700e+02	7784	0	1
62	2	39	2	2	2	48	33	2	3	3	2	1	1	2	2.450000e+00	3.803200e+02	3282	0	1
62	2	40	2	2	3	8	2	5	3	3	2	1	1	2	2.060000e+00	3.823800e+02	3617	0	1
62	2	41	2	2	4	10	43	4	3	3	2	1	1	2	2.310000e+00	3.846900e+02	10201	0	1
62	2	42	2	2	5	9	25	3	4	4	2	1	1	2	1.450000e+00	3.861400e+02	3042	0	1
62	2	43	2	1	1	52	46	3	4	4	2	1	2	1	3.950000e+00	3.900900e+02	1726	1	1
62	2	44	2	2	1	42	35	3	2	2	2	1	1	2	1.880000e+00	3.919700e+02	2103	0	1
62	2	45	2	2	2	23	7	3	5	5	2	1	1	2	1.430000e+00	3.934000e+02	1270	0	1
62	2	46	2	2	3	54	37	2	3	2	1	1	2	1	3.840000e+00	3.972400e+02	2297	1	2
62	2	47	2	2	4	32	37	2	4	2	1	1	2	1	4.110000e+00	4.013500e+02	3488	1	1
62	2	48	2	2	5	23	13	5	4	5	1	1	2	1	4	4.053500e+02	2298	1	1
62	2	49	2	1	1	52	46	4	3	4	1	1	1	2	1.700000e+00	4.070500e+02	2865	0	1
62	2	50	2	1	2	1	2	2	3	2	1	1	1	2	2.380000e+00	4.094300e+02	5302	0	1
62	2	51	2	1	3	18	25	3	2	3	1	1	1	2	2.110000e+00	4.115400e+02	3535	0	1
62	2	52	2	1	4	30	37	5	4	5	1	1	1	2	1.530000e+00	4.130700e+02	7904	0	1
62	2	53	2	1	5	1	40	3	5	3	1	1	1	2	2.630000e+00	4.157000e+02	10497	0	1
62	2	54	2	1	6	13	10	3	5	3	1	1	1	2	2.140000e+00	4.178400e+02	1880	0	1
62	2	55	2	2	1	12	15	4	5	4	1	1	2	1	4.170000e+00	4.220100e+02	3176	1	1
62	2	56	2	2	2	13	40	3	2	3	1	1	2	1	4.130000e+00	4.261400e+02	2097	1	1
62	2	57	2	2	3	21	11	4	5	4	1	1	2	1	3.920000e+00	4.300600e+02	1296	1	1
62	2	58	2	2	4	13	22	3	5	3	1	1	2	1	3.850000e+00	4.339100e+02	3346	1	1
62	2	59	2	2	5	23	19	5	3	5	1	1	2	1	3.990000e+00	4.379000e+02	5901	1	1
62	2	60	2	2	6	12	50	4	3	4	1	1	2	1	3.960000e+00	4.418600e+02	1259	1	1
62	2	61	2	1	1	17	32	5	4	5	1	1	1	2	1.600000e+00	4.434600e+02	4048	0	1
62	2	62	2	1	2	37	2	5	3	5	1	1	1	2	2.230000e+00	4.456900e+02	2769	0	1
62	2	63	2	1	3	54	22	4	3	4	1	1	1	2	2.700000e+00	4.483900e+02	2233	0	1
62	2	64	2	2	1	20	4	5	4	5	1	1	2	1	3.940000e+00	4.523300e+02	3337	1	1
62	2	65	2	2	2	16	48	5	4	5	1	1	2	1	3.900000e+00	4.562300e+02	5752	1	1
62	2	66	2	1	1	49	48	3	2	3	1	1	1	2	1.880000e+00	4.581100e+02	1481	0	1
62	2	67	2	1	2	15	45	5	2	5	1	1	1	2	2.310000e+00	4.604200e+02	1330	0	1
62	2	68	2	1	3	29	7	2	4	2	1	1	1	2	1.600000e+00	4.620200e+02	2258	0	1
62	2	69	2	1	4	5	19	5	2	5	1	1	1	2	1.430000e+00	4.634500e+02	2046	0	1
62	2	70	2	1	5	9	52	2	3	3	2	1	2	1	3.990000e+00	4.674400e+02	2016	1	2
62	2	71	2	2	1	7	23	4	3	3	2	1	1	2	1.970000e+00	4.694100e+02	3478	0	1
62	2	72	2	1	1	24	37	5	3	3	2	1	2	1	4.060000e+00	4.734700e+02	3079	1	1
62	2	73	2	1	2	25	39	2	5	5	2	1	2	1	3.930000e+00	4.774000e+02	2089	1	1
62	2	74	2	1	3	28	36	4	2	2	2	1	2	1	3.980000e+00	4.813800e+02	4056	1	1
62	2	75	2	1	4	38	31	2	5	5	2	1	2	1	3.950000e+00	4.853300e+02	2591	1	1
62	2	76	2	2	1	36	41	4	2	2	2	1	1	2	1.960000e+00	4.872900e+02	3127	0	1
62	2	77	2	2	2	45	46	2	5	5	2	1	1	2	2.720000e+00	4.900100e+02	3477	0	1
62	2	78	2	2	3	51	13	2	4	4	2	1	1	2	1.710000e+00	4.917200e+02	5543	0	1
62	2	79	2	1	1	4	34	4	5	5	2	1	2	1	3.840000e+00	4.955600e+02	4639	1	1
62	2	80	2	1	2	53	5	2	4	4	2	1	2	1	4.060000e+00	4.996200e+02	2536	1	1
62	2	81	2	2	1	27	13	5	2	2	2	1	1	2	1.570000e+00	5.011900e+02	3533	0	1
62	2	82	2	2	2	36	46	3	2	2	2	1	1	2	2.020000e+00	5.032100e+02	4232	0	1
62	2	83	2	2	3	54	30	4	5	5	2	1	1	2	1.700000e+00	5.049100e+02	3692	0	1
62	2	84	2	2	4	29	7	3	4	4	2	1	1	2	2.250000e+00	5.071600e+02	5665	0	1
62	2	1	3	1	1	44	35	3	4	4	2	1	2	1	4.070000e+00	5.112300e+02	4361	1	NaN
62	2	2	3	1	2	12	41	4	5	5	2	1	2	1	3.980000e+00	5.152100e+02	2229	1	1
62	2	3	3	1	3	50	34	3	4	4	2	1	2	1	3.760000e+00	5.189700e+02	3624	1	1
62	2	4	3	1	4	31	32	3	4	4	2	1	2	1	4.020000e+00	5.229900e+02	2273	1	1
62	2	5	3	1	5	14	37	2	4	4	2	1	2	1	4.190000e+00	5.271800e+02	1056	1	1
62	2	6	3	1	6	17	44	3	5	5	2	1	2	1	4.120000e+00	5.313000e+02	3354	1	1
62	2	7	3	2	1	12	28	2	5	5	2	1	1	2	1.260000e+00	5.325600e+02	5793	0	1
62	2	8	3	1	1	40	50	4	3	3	2	1	2	1	3.990000e+00	5.365500e+02	2526	1	1
62	2	9	3	1	2	26	52	2	4	4	2	1	2	1	3.920000e+00	5.404700e+02	1130	1	1
62	2	10	3	1	3	50	14	5	3	3	2	1	2	1	3.880000e+00	5.443500e+02	3054	1	1
62	2	11	3	1	4	16	36	4	3	3	2	1	2	1	3.850000e+00	5.482000e+02	3369	1	1
62	2	12	3	1	5	40	37	5	3	3	2	1	2	1	4.030000e+00	5.522300e+02	2610	1	1
62	2	13	3	2	1	22	48	2	3	3	2	1	1	2	1.800000e+00	5.540300e+02	3120	0	1
62	2	14	3	2	2	2	31	3	5	5	2	1	1	2	2.030000e+00	5.560600e+02	4711	0	1
62	2	15	3	2	3	54	42	4	5	4	1	1	2	1	3.960000e+00	5.600200e+02	3072	1	2
62	2	16	3	2	4	10	28	4	2	4	1	1	2	1	3.950000e+00	5.639700e+02	856	1	1
62	2	17	3	2	5	30	13	2	3	4	0	0	0	0	0	5.639700e+02	2472	NaN	NaN
62	2	18	3	1	1	19	54	2	3	2	1	1	1	2	2.170000e+00	5.661400e+02	3438	0	NaN
62	2	19	3	2	1	36	41	2	5	2	1	1	2	1	4.090000e+00	5.702300e+02	2249	1	1
62	2	20	3	2	2	40	32	3	5	3	1	1	2	1	4.250000e+00	5.744800e+02	2033	1	1
62	2	21	3	2	3	7	41	4	5	4	1	1	2	1	3.840000e+00	5.783200e+02	3848	1	1
62	2	22	3	2	4	42	19	2	5	2	1	1	2	1	3.880000e+00	5.822000e+02	2145	1	1
62	2	23	3	2	5	54	12	5	2	5	1	1	2	1	4.120000e+00	5.863200e+02	2542	1	1
62	2	24	3	2	6	36	54	5	2	5	1	1	2	1	3.950000e+00	5.902700e+02	1673	1	1
62	2	25	3	1	1	6	35	5	4	5	1	1	1	2	1.350000e+00	5.916200e+02	3169	0	1
62	2	26	3	1	2	13	45	5	4	5	1	1	1	2	2.150000e+00	5.937700e+02	3606	0	1
62	2	27	3	2	1	42	35	3	5	3	1	1	2	1	4.180000e+00	5.979500e+02	4049	1	1
62	2	28	3	2	2	16	25	5	4	5	1	1	2	1	4.080000e+00	6.020300e+02	1713	1	1
62	2	29	3	2	3	19	52	5	4	5	1	1	2	1	4.230000e+00	6.062600e+02	1471	1	1
62	2	30	3	2	4	38	2	3	5	3	1	1	2	1	4.060000e+00	6.103200e+02	2424	1	1
62	2	31	3	1	1	13	21	4	2	4	1	1	1	2	2.880000e+00	6.132000e+02	3094	0	1
62	2	32	3	1	2	31	38	4	3	3	2	1	2	1	3.960000e+00	6.171600e+02	3534	1	2
62	2	33	3	1	3	49	38	4	3	4	1	1	1	2	1.460000e+00	6.186200e+02	6280	0	2
62	2	34	3	1	4	40	46	3	2	3	1	1	1	2	1.900000e+00	6.205200e+02	3570	0	1
62	2	35	3	2	1	36	19	2	3	2	1	1	2	1	4.140000e+00	6.246600e+02	1794	1	1
62	2	36	3	2	2	28	7	5	4	5	1	1	2	1	3.870000e+00	6.285300e+02	1881	1	1
62	2	37	3	2	3	8	20	3	4	3	1	1	2	1	4.070000e+00	6.326000e+02	1232	1	1
62	2	38	3	1	1	44	2	3	2	3	1	1	1	2	1.720000e+00	6.343200e+02	5457	0	1
62	2	39	3	1	2	4	36	4	2	4	1	1	1	2	2.260000e+00	6.365800e+02	3057	0	1
62	2	40	3	1	3	26	48	4	2	4	1	1	1	2	1.480000e+00	6.380600e+02	15504	0	1
62	2	41	3	2	1	33	1	4	2	4	1	1	2	1	4.010000e+00	6.420700e+02	2702	1	1
62	2	42	3	2	2	13	8	3	2	3	1	1	2	1	3.760000e+00	6.458300e+02	1657	1	1
62	2	43	3	1	1	6	36	5	3	5	1	1	1	2	1.770000e+00	6.476000e+02	1517	0	1
62	2	44	3	1	2	52	28	5	3	5	1	1	1	2	2.220000e+00	6.498200e+02	3140	0	1
62	2	45	3	1	3	19	18	2	3	2	1	1	1	2	1.850000e+00	6.516700e+02	4785	0	1
62	2	46	3	1	4	3	8	2	4	2	1	1	1	2	2.580000e+00	6.542500e+02	1232	0	1
62	2	47	3	2	1	3	45	2	5	2	1	1	2	1	3.930000e+00	6.581800e+02	1415	1	1
62	2	48	3	2	2	42	33	4	2	4	1	1	2	1	3.730000e+00	6.619100e+02	4128	1	1
62	2	49	3	1	1	26	36	5	2	5	1	1	1	2	1.420000e+00	6.633300e+02	2849	0	1
62	2	50	3	1	2	23	1	4	5	4	1	1	1	2	2.500000e+00	6.658300e+02	3160	0	1
62	2	51	3	1	3	33	49	2	4	2	1	1	1	2	1.950000e+00	6.677800e+02	4023	0	1
62	2	52	3	1	4	1	16	2	3	2	1	1	1	2	2.180000e+00	6.699600e+02	7157	0	1
62	2	53	3	1	5	41	31	4	5	4	1	1	1	2	2.440000e+00	6.724000e+02	4695	0	1
62	2	54	3	1	6	37	7	4	2	4	1	1	1	2	1	6.734000e+02	2833	0	1
62	2	55	3	2	1	18	52	4	3	4	1	1	2	1	3.920000e+00	6.773200e+02	3074	1	1
62	2	56	3	2	2	23	29	5	3	5	1	1	2	1	3.920000e+00	6.812400e+02	5775	1	1
62	2	57	3	2	3	14	23	2	4	2	1	1	2	1	3.880000e+00	6.851200e+02	2816	1	1
62	2	58	3	2	4	26	17	2	4	2	1	1	2	1	3.980000e+00	6.891000e+02	3639	1	1
62	2	59	3	2	5	44	51	2	3	2	1	1	2	1	4.180000e+00	6.932800e+02	2024	1	1
62	2	60	3	2	6	41	39	5	4	5	1	1	2	1	4	6.972800e+02	3613	1	1
62	2	61	3	1	1	6	37	5	2	5	1	1	1	2	2.580000e+00	6.998600e+02	2350	0	1
62	2	62	3	1	2	46	35	5	4	5	1	1	1	2	1.670000e+00	7.015300e+02	5768	0	1
62	2	63	3	1	3	12	35	4	5	4	1	1	1	2	2	7.035300e+02	2731	0	1
62	2	64	3	2	1	19	7	3	5	4	0	0	0	0	0	7.035300e+02	2608	NaN	NaN
62	2	65	3	2	2	4	16	5	3	5	1	1	2	1	3.910000e+00	7.074400e+02	3570	1	NaN
62	2	66	3	2	3	12	33	4	5	4	1	1	2	1	4.070000e+00	7.115100e+02	3744	1	1
62	2	67	3	1	1	53	15	2	4	2	1	1	1	2	1.880000e+00	7.133900e+02	3646	0	1
62	2	68	3	2	1	39	7	3	4	4	2	1	1	2	2.230000e+00	7.156200e+02	1825	0	2
62	2	69	3	2	2	27	14	5	2	2	2	1	1	2	2.310000e+00	7.179300e+02	4737	0	1
62	2	70	3	2	3	8	45	3	2	2	2	1	1	2	1.960000e+00	7.198900e+02	6110	0	1
62	2	71	3	2	4	54	31	5	2	2	2	1	1	2	2.420000e+00	7.223100e+02	3872	0	1
62	2	72	3	2	5	26	17	5	3	3	2	1	1	2	3.090000e+00	7.254000e+02	5658	0	1
62	2	73	3	1	1	24	45	4	3	3	2	1	2	1	4.060000e+00	7.294600e+02	4097	1	1
62	2	74	3	1	2	13	30	3	2	3	1	1	1	2	1.990000e+00	7.314500e+02	2618	0	2
62	2	75	3	1	3	33	48	3	2	2	2	1	2	1	4.110000e+00	7.355600e+02	3248	1	2
62	2	76	3	1	4	51	21	2	5	5	2	1	2	1	4.010000e+00	7.395700e+02	1442	1	1
62	2	77	3	1	5	17	28	5	2	2	2	1	2	1	3.870000e+00	7.434400e+02	4672	1	1
62	2	78	3	2	1	14	18	2	5	5	2	1	1	2	2.230000e+00	7.456700e+02	5439	0	1
62	2	79	3	1	1	1	22	3	4	4	2	1	2	1	4	7.496700e+02	4064	1	1
62	2	80	3	1	2	53	7	3	2	2	2	1	2	1	3.970000e+00	7.536400e+02	1833	1	1
62	2	81	3	2	1	38	32	3	5	5	2	1	1	2	2.600000e+00	7.562400e+02	5558	0	1
62	2	82	3	2	2	12	20	2	5	5	2	1	1	2	2.880000e+00	7.591200e+02	3474	0	1
62	2	83	3	2	3	29	51	3	4	4	2	1	1	2	1.750000e+00	7.608700e+02	5392	0	1
62	2	84	3	2	4	15	17	4	3	3	2	1	1	2	2.050000e+00	7.629200e+02	2857	0	1
62	2	1	4	2	1	45	48	3	5	3	1	1	2	1	3.900000e+00	7.668200e+02	4747	1	NaN
62	2	2	4	2	2	5	14	2	5	2	1	1	2	1	4.080000e+00	7.709000e+02	1836	1	1
62	2	3	4	2	3	40	5	2	5	2	1	1	2	1	3.720000e+00	7.746200e+02	4201	1	1
62	2	4	4	2	4	45	27	2	4	2	1	1	2	1	4.120000e+00	7.787400e+02	2760	1	1
62	2	5	4	2	5	40	1	4	2	4	1	1	2	1	4.030000e+00	7.827700e+02	1938	1	1
62	2	6	4	1	1	27	13	4	3	4	1	1	1	2	2.120000e+00	7.848900e+02	7877	0	1
62	2	7	4	1	2	51	14	2	3	2	1	1	1	2	2.570000e+00	7.874600e+02	2400	0	1
62	2	8	4	1	3	5	17	3	5	3	1	1	1	2	1.870000e+00	7.893300e+02	9368	0	1
62	2	9	4	1	4	5	11	5	2	5	1	1	1	2	1.940000e+00	7.912700e+02	1999	0	1
62	2	10	4	1	5	23	4	5	4	5	1	1	1	2	1.400000e+00	7.926700e+02	15713	0	1
62	2	11	4	2	1	7	31	4	2	4	1	1	2	1	3.800000e+00	7.964700e+02	1504	1	1
62	2	12	4	2	2	53	24	3	5	4	0	0	0	0	0	7.964700e+02	5520	NaN	NaN
62	2	13	4	2	3	11	32	4	3	4	1	1	2	1	3.920000e+00	8.003900e+02	2254	1	NaN
62	2	14	4	2	4	29	25	5	4	5	1	1	2	1	4.030000e+00	8.044200e+02	6256	1	1
62	2	15	4	1	1	18	33	4	5	4	1	1	1	2	1.740000e+00	8.061600e+02	5176	0	1
62	2	16	4	2	1	28	12	5	4	5	1	1	2	1	3.840000e+00	810	7848	1	1
62	2	17	4	2	2	49	3	5	2	5	1	1	2	1	4.130000e+00	8.141300e+02	1919	1	1
62	2	18	4	1	1	27	28	2	3	2	1	1	1	2	1.660000e+00	8.157900e+02	4265	0	1
62	2	19	4	1	2	6	1	2	4	2	1	1	1	2	1.990000e+00	8.177800e+02	5248	0	1
62	2	20	4	1	3	52	44	3	5	3	1	1	1	2	2	8.197800e+02	5040	0	1
62	2	21	4	2	1	20	9	3	5	3	1	1	2	1	3.970000e+00	8.237500e+02	3465	1	1
62	2	22	4	2	2	49	42	4	3	4	1	1	2	1	4.050000e+00	8.278000e+02	4894	1	1
62	2	23	4	2	3	47	30	2	3	2	1	1	2	1	3.970000e+00	8.317700e+02	4480	1	1
62	2	24	4	1	1	48	17	2	4	2	1	1	1	2	1.220000e+00	8.329900e+02	17056	0	1
62	2	25	4	1	2	40	23	3	2	2	2	1	2	1	3.880000e+00	8.368700e+02	5872	1	2
62	2	26	4	1	3	54	48	3	2	2	2	1	2	1	4.030000e+00	8.409000e+02	1832	1	1
62	2	27	4	1	4	1	42	3	5	5	2	1	2	1	3.850000e+00	8.447500e+02	2409	1	1
62	2	28	4	1	5	9	42	5	3	3	2	1	2	1	3.960000e+00	8.487100e+02	5209	1	1
62	2	29	4	1	6	26	23	3	4	4	2	1	2	1	3.890000e+00	8.526000e+02	6633	1	1
62	2	30	4	2	1	13	23	3	2	2	2	1	1	2	1.450000e+00	8.540500e+02	6910	0	1
62	2	31	4	1	1	51	5	4	2	2	2	1	2	1	3.880000e+00	8.579300e+02	2168	1	1
62	2	32	4	1	2	40	30	4	5	5	2	1	2	1	3.950000e+00	8.618800e+02	4135	1	1
62	2	33	4	1	3	8	11	4	3	3	2	1	2	1	4.020000e+00	8.659000e+02	3614	1	1
62	2	34	4	1	4	2	9	3	2	2	2	1	2	1	3.990000e+00	8.698900e+02	7647	1	1
62	2	35	4	2	1	50	12	4	2	2	2	1	1	2	2.500000e+00	8.723900e+02	1577	0	1
62	2	36	4	2	2	42	30	5	4	4	2	1	1	2	1.880000e+00	8.742700e+02	4479	0	1
62	2	37	4	2	3	41	18	4	3	3	2	1	1	2	1.280000e+00	8.755500e+02	6150	0	1
62	2	38	4	2	4	28	38	5	2	2	2	1	1	2	2	8.775500e+02	4727	0	1
62	2	39	4	2	5	29	41	5	3	3	2	1	1	2	2.030000e+00	8.795800e+02	5537	0	1
62	2	40	4	2	6	27	29	5	4	4	2	1	1	2	2.150000e+00	8.817300e+02	2848	0	1
62	2	41	4	1	1	52	40	5	3	3	2	1	2	1	4.060000e+00	8.857900e+02	4238	1	1
62	2	42	4	1	2	23	47	3	4	4	2	1	2	1	4.150000e+00	8.899400e+02	2689	1	1
62	2	43	4	2	1	27	3	5	2	2	2	1	1	2	1.740000e+00	8.916800e+02	2672	0	1
62	2	44	4	1	1	6	27	3	4	4	2	1	2	1	4.030000e+00	8.957100e+02	2935	1	1
62	2	45	4	1	2	7	1	4	5	5	2	1	2	1	4	8.997100e+02	5174	1	1
62	2	46	4	1	3	54	22	5	3	3	2	1	2	1	3.930000e+00	9.036400e+02	3704	1	1
62	2	47	4	1	4	32	29	2	5	5	2	1	2	1	4.250000e+00	9.078900e+02	3985	1	1
62	2	48	4	1	5	41	10	5	2	2	2	1	2	1	3.970000e+00	9.118600e+02	1960	1	1
62	2	49	4	1	6	9	44	3	4	4	2	1	2	1	3.830000e+00	9.156900e+02	4970	1	1
62	2	50	4	2	1	37	32	2	5	2	1	1	2	1	4.210000e+00	9.199000e+02	3185	1	2
62	2	51	4	2	2	39	18	5	3	5	1	1	2	1	4.040000e+00	9.239400e+02	7952	1	1
62	2	52	4	2	3	23	22	5	3	5	1	1	2	1	3.870000e+00	9.278100e+02	5159	1	1
62	2	53	4	1	1	28	54	5	4	5	1	1	1	2	2.290000e+00	9.301000e+02	2825	0	1
62	2	54	4	1	2	54	1	2	5	2	1	1	1	2	2.600000e+00	9.327000e+02	4070	0	1
62	2	55	4	1	3	50	24	4	5	4	1	1	1	2	1.580000e+00	9.342800e+02	6646	0	1
62	2	56	4	1	4	40	31	4	3	4	1	1	1	2	2.060000e+00	9.363400e+02	4192	0	1
62	2	57	4	2	1	13	19	3	2	3	1	1	2	1	3.980000e+00	9.403200e+02	6334	1	1
62	2	58	4	2	2	40	25	4	2	4	1	1	2	1	3.860000e+00	9.441800e+02	4822	1	1
62	2	59	4	2	3	28	34	5	2	5	1	1	2	1	4.140000e+00	9.483200e+02	8953	1	1
62	2	60	4	2	4	29	34	3	5	3	1	1	2	1	4	9.523200e+02	2094	1	1
62	2	61	4	2	5	24	15	3	4	3	1	1	2	1	4.060000e+00	9.563800e+02	1574	1	1
62	2	62	4	1	1	4	23	4	5	4	1	1	1	2	1.660000e+00	9.580400e+02	9464	0	1
62	2	63	4	1	2	27	48	2	3	2	1	1	1	2	1.690000e+00	9.597300e+02	6017	0	1
62	2	64	4	1	3	42	15	2	5	2	1	1	1	2	2.150000e+00	9.618800e+02	2839	0	1
62	2	65	4	2	1	32	20	4	2	4	1	1	2	1	4.010000e+00	9.658900e+02	3752	1	1
62	2	66	4	2	2	12	47	4	5	4	1	1	2	1	4.220000e+00	9.701100e+02	2711	1	1
62	2	67	4	2	3	35	54	3	2	3	1	1	2	1	3.970000e+00	9.740800e+02	6377	1	1
62	2	68	4	2	4	8	52	4	2	4	1	1	2	1	4.260000e+00	9.783400e+02	3730	1	1
62	2	69	4	2	5	23	41	2	3	2	1	1	2	1	4.180000e+00	9.825200e+02	1229	1	1
62	2	70	4	2	6	7	22	2	4	2	1	1	2	1	3.770000e+00	9.862900e+02	7005	1	1
62	2	71	4	1	1	29	15	2	4	4	2	1	2	1	3.800000e+00	9.900900e+02	3355	1	2
62	2	72	4	1	2	26	6	5	3	5	1	1	1	2	1.730000e+00	9.918200e+02	4551	0	2
62	2	73	4	1	3	11	10	3	4	4	2	1	2	1	3.980000e+00	9.958000e+02	3368	1	2
62	2	74	4	1	4	42	17	3	4	3	1	1	1	2	2	9.978000e+02	9767	0	2
62	2	75	4	1	5	13	32	5	2	5	1	1	1	2	2.390000e+00	1.000190e+03	3945	0	1
62	2	76	4	2	1	12	31	2	4	2	1	1	2	1	3.910000e+00	1.004100e+03	2721	1	1
62	2	77	4	2	2	11	49	2	4	2	1	1	2	1	3.910000e+00	1.008010e+03	2647	1	1
62	2	78	4	2	3	47	35	5	4	5	1	1	2	1	3.980000e+00	1.011990e+03	4953	1	1
62	2	79	4	2	4	47	52	3	2	3	1	1	2	1	4	1.015990e+03	2015	1	1
62	2	80	4	1	1	1	16	4	5	4	1	1	1	2	2.130000e+00	1.018120e+03	4777	0	1
62	2	81	4	1	2	43	13	4	3	4	1	1	1	2	2.500000e+00	1.020620e+03	7615	0	1
62	2	82	4	2	1	52	46	2	5	2	1	1	2	1	4.070000e+00	1.024690e+03	3191	1	1
62	2	83	4	2	2	42	8	2	3	2	1	1	2	1	3.790000e+00	1.028480e+03	7022	1	1
62	2	84	4	1	1	20	33	2	3	2	1	1	1	2	2.330000e+00	1.030810e+03	7446	0	1
