LEDISAS2	Code = 35	
SubNo	Group(1=OHRHV,SLRLV; 2=OHRLV,SLRHV; 3=OLRHV,SHRLV, 4 = OLRLV,SHRHV)	Block_trial	Block	VarDist_cond	Run_number	Targ1_position	Targ2_position	Red_targ_digit	Blue_targ_digit	Response	Targ_Choice	Acc	RewardOutcome(0=inaccurate;1=lowReward;2=highReward)	VarianceOutcome(0=inaccurate; 1=lowVariance; 2=highVariance)	OutcomeValue	Points	RT	Optimal_Choice	Repeat_Switch
35	3	1	0	1	1	3	43	5	2	2	2	1	NaN	NaN	0	0	5805	1	NaN
35	3	2	0	1	2	26	24	5	4	4	2	1	NaN	NaN	0	0	7871	1	1
35	3	3	0	1	3	20	4	3	4	4	2	1	NaN	NaN	0	0	3429	1	1
35	3	4	0	1	4	27	4	4	5	4	1	1	NaN	NaN	0	0	12953	0	2
35	3	5	0	1	5	43	38	3	4	4	2	1	NaN	NaN	0	0	2258	1	2
35	3	6	0	2	1	41	54	5	2	3	0	0	NaN	NaN	0	0	8854	NaN	NaN
35	3	7	0	1	1	43	49	2	5	2	1	1	NaN	NaN	0	0	10006	0	NaN
35	3	8	0	1	2	15	49	5	4	4	2	1	NaN	NaN	0	0	7035	1	2
35	3	9	0	2	1	41	38	3	5	3	1	1	NaN	NaN	0	0	3793	1	2
35	3	10	0	2	2	53	35	5	3	5	1	1	NaN	NaN	0	0	4542	1	1
35	3	1	1	1	1	50	18	5	2	2	2	1	1	2	2.380000e+00	2.380000e+00	2871	1	NaN
35	3	2	1	1	2	39	24	4	2	2	2	1	1	2	2.300000e+00	4.680000e+00	1791	1	1
35	3	3	1	1	3	31	53	4	3	3	2	1	1	2	2.620000e+00	7.300000e+00	2901	1	1
35	3	4	1	1	4	8	4	3	4	4	2	1	1	2	2.150000e+00	9.450000e+00	3238	1	1
35	3	5	1	1	5	34	45	2	3	3	2	1	1	2	1.680000e+00	1.113000e+01	2156	1	1
35	3	6	1	2	1	44	8	2	5	2	1	1	1	2	1.930000e+00	1.306000e+01	2964	1	2
35	3	7	1	1	1	39	1	4	5	5	2	1	1	2	8.500000e-01	1.391000e+01	4271	1	2
35	3	8	1	1	2	47	2	4	3	3	2	1	1	2	2.220000e+00	1.613000e+01	3728	1	1
35	3	9	1	2	1	51	9	3	2	3	1	1	1	2	2.060000e+00	1.819000e+01	1965	1	2
35	3	10	1	2	2	38	4	4	5	4	1	1	1	2	1.720000e+00	1.991000e+01	1951	1	1
35	3	11	1	2	3	37	52	5	3	5	1	1	1	2	1.690000e+00	2.160000e+01	5073	1	1
35	3	12	1	1	1	3	21	2	5	5	2	1	1	2	1.490000e+00	2.309000e+01	1726	1	2
35	3	13	1	2	1	38	46	4	5	4	1	1	1	2	1.980000e+00	2.507000e+01	2478	1	2
35	3	14	1	2	2	54	52	2	4	2	1	1	1	2	2.180000e+00	2.725000e+01	3453	1	1
35	3	15	1	2	3	17	54	2	5	2	1	1	1	2	1.840000e+00	2.909000e+01	2085	1	1
35	3	16	1	2	4	11	47	4	3	4	1	1	1	2	1.760000e+00	3.085000e+01	3767	1	1
35	3	17	1	1	1	33	50	2	3	3	2	1	1	2	1.980000e+00	3.283000e+01	4327	1	2
35	3	18	1	1	2	49	24	2	3	3	2	1	1	2	1.920000e+00	3.475000e+01	2224	1	1
35	3	19	1	1	3	48	28	4	2	2	2	1	1	2	1.550000e+00	3.630000e+01	1384	1	1
35	3	20	1	1	4	52	1	3	4	4	2	1	1	2	2.610000e+00	3.891000e+01	2936	1	1
35	3	21	1	2	1	53	16	2	4	2	1	1	1	2	2.210000e+00	4.112000e+01	2663	1	2
35	3	22	1	2	2	5	49	4	5	4	1	1	1	2	2.600000e+00	4.372000e+01	2616	1	1
35	3	23	1	2	3	26	33	3	2	2	2	1	2	1	3.940000e+00	4.766000e+01	3655	0	2
35	3	24	1	2	4	25	47	4	2	4	1	1	1	2	1.470000e+00	4.913000e+01	1806	1	2
35	3	25	1	2	5	17	22	5	2	5	1	1	1	2	2.380000e+00	5.151000e+01	2520	1	1
35	3	26	1	2	6	16	9	3	2	3	1	1	1	2	2.020000e+00	5.353000e+01	4585	1	1
35	3	27	1	1	1	32	53	5	4	5	1	1	2	1	3.910000e+00	5.744000e+01	4119	0	1
35	3	28	1	1	2	52	45	5	4	4	2	1	1	2	1.960000e+00	5.940000e+01	2295	1	2
35	3	29	1	1	3	42	32	5	2	2	2	1	1	2	1.050000e+00	6.045000e+01	2176	1	1
35	3	30	1	2	1	24	23	2	4	4	2	1	2	1	4.130000e+00	6.458000e+01	3119	0	1
35	3	31	1	2	2	27	33	5	3	3	2	1	2	1	3.880000e+00	6.846000e+01	3999	0	1
35	3	32	1	2	3	54	18	4	2	4	1	1	1	2	1.680000e+00	7.014000e+01	2398	1	2
35	3	33	1	2	4	49	40	2	3	3	2	1	2	1	4.160000e+00	7.430000e+01	2688	0	2
35	3	34	1	2	5	17	11	2	3	2	1	1	1	2	1.570000e+00	7.587000e+01	2845	1	2
35	3	35	1	1	1	35	22	5	4	4	2	1	1	2	1.810000e+00	7.768000e+01	2224	1	2
35	3	36	1	1	2	42	16	3	2	2	2	1	1	2	1.760000e+00	7.944000e+01	2630	1	1
35	3	37	1	1	3	39	19	5	2	2	2	1	1	2	2.760000e+00	8.220000e+01	2409	1	1
35	3	38	1	1	4	32	13	3	5	5	2	1	1	2	2.040000e+00	8.424000e+01	3002	1	1
35	3	39	1	1	5	25	54	2	5	5	2	1	1	2	1.490000e+00	8.573000e+01	2808	1	1
35	3	40	1	1	6	27	8	5	3	3	2	1	1	2	1.470000e+00	8.720000e+01	1536	1	1
35	3	41	1	2	1	21	53	5	2	2	2	1	2	1	4.200000e+00	9.140000e+01	1599	0	1
35	3	42	1	2	2	42	10	3	4	4	2	1	2	1	4.230000e+00	9.563000e+01	2656	0	1
35	3	43	1	1	1	54	35	2	4	4	2	1	1	2	2.770000e+00	9.840000e+01	3791	1	1
35	3	44	1	1	2	31	39	3	2	2	2	1	1	2	1.410000e+00	9.981000e+01	2344	1	1
35	3	45	1	1	3	14	53	4	3	3	2	1	1	2	1.900000e+00	1.017100e+02	2023	1	1
35	3	46	1	2	1	24	6	2	5	2	1	1	1	2	1.910000e+00	1.036200e+02	1960	1	2
35	3	47	1	1	1	47	9	3	4	4	2	1	1	2	2.140000e+00	1.057600e+02	5552	1	2
35	3	48	1	1	2	7	22	3	2	2	2	1	1	2	1.730000e+00	1.074900e+02	2943	1	1
35	3	49	1	1	3	25	11	5	4	4	2	1	1	2	1.540000e+00	1.090300e+02	3454	1	1
35	3	50	1	1	4	22	29	4	2	4	1	1	2	1	3.950000e+00	1.129800e+02	1799	0	2
35	3	51	1	1	5	41	49	3	2	2	2	1	1	2	2.510000e+00	1.154900e+02	1312	1	2
35	3	52	1	2	1	6	41	3	4	3	1	1	1	2	3.120000e+00	1.186100e+02	3320	1	2
35	3	53	1	2	2	24	3	4	5	4	1	1	1	2	2.110000e+00	1.207200e+02	1568	1	1
35	3	54	1	2	3	34	19	2	3	2	1	1	1	2	1.870000e+00	1.225900e+02	3216	1	1
35	3	55	1	2	4	4	43	2	5	2	1	1	1	2	2.330000e+00	1.249200e+02	1248	1	1
35	3	56	1	2	5	46	1	3	5	3	1	1	1	2	1.770000e+00	1.266900e+02	5989	1	1
35	3	57	1	1	1	3	51	5	4	4	2	1	1	2	2.880000e+00	1.295700e+02	2545	1	2
35	3	58	1	2	1	30	53	3	5	3	1	1	1	2	2.520000e+00	1.320900e+02	2838	1	2
35	3	59	1	2	2	27	25	2	4	2	1	1	1	2	1.420000e+00	1.335100e+02	1710	1	1
35	3	60	1	2	3	33	21	2	3	3	2	1	2	1	3.920000e+00	1.374300e+02	2791	0	2
35	3	61	1	2	4	25	50	4	2	4	1	1	1	2	2.630000e+00	1.400600e+02	1567	1	2
35	3	62	1	2	5	42	4	2	4	2	1	1	1	2	2.180000e+00	1.422400e+02	3080	1	1
35	3	63	1	2	6	31	10	4	2	2	2	1	2	1	4.050000e+00	1.462900e+02	1847	0	2
35	3	64	1	1	1	41	32	2	4	4	2	1	1	2	1.200000e+00	1.474900e+02	2911	1	1
35	3	65	1	1	2	41	47	5	4	4	2	1	1	2	2.110000e+00	1.496000e+02	1600	1	1
35	3	66	1	1	3	42	18	5	3	3	2	1	1	2	2.320000e+00	1.519200e+02	2935	1	1
35	3	67	1	1	4	50	6	5	3	3	2	1	1	2	1.700000e+00	1.536200e+02	3904	1	1
35	3	68	1	2	1	22	37	3	5	3	1	1	1	2	1.530000e+00	1.551500e+02	3278	1	2
35	3	69	1	2	2	13	44	3	4	4	2	1	2	1	3.980000e+00	1.591300e+02	2145	0	2
35	3	70	1	1	1	54	39	5	3	3	2	1	1	2	1.500000e+00	1.606300e+02	7864	1	1
35	3	71	1	1	2	25	21	3	4	4	2	1	1	2	1.970000e+00	1.626000e+02	2273	1	1
35	3	72	1	2	1	38	19	5	3	5	1	1	1	2	2.130000e+00	1.647300e+02	6465	1	2
35	3	73	1	2	2	20	35	4	5	5	2	1	2	1	4.160000e+00	1.688900e+02	1767	0	2
35	3	74	1	2	3	50	2	4	3	3	2	1	2	1	4.020000e+00	1.729100e+02	1712	0	1
35	3	75	1	1	1	18	6	4	3	3	2	1	1	2	1.740000e+00	1.746500e+02	8854	1	1
35	3	76	1	1	2	48	19	4	5	5	2	1	1	2	2.770000e+00	1.774200e+02	3553	1	1
35	3	77	1	1	3	38	18	2	5	5	2	1	1	2	2.390000e+00	1.798100e+02	3760	1	1
35	3	78	1	1	4	12	41	3	5	5	2	1	1	2	2.110000e+00	1.819200e+02	3193	1	1
35	3	79	1	1	5	12	30	3	5	5	2	1	1	2	2.320000e+00	1.842400e+02	5135	1	1
35	3	80	1	1	6	37	12	5	2	2	2	1	1	2	1.760000e+00	186	1657	1	1
35	3	81	1	2	1	3	47	3	5	3	1	1	1	2	2.400000e+00	1.884000e+02	3079	1	2
35	3	82	1	2	2	36	20	5	4	5	1	1	1	2	2.130000e+00	1.905300e+02	3465	1	1
35	3	83	1	2	3	14	15	4	3	4	1	1	1	2	2.290000e+00	1.928200e+02	3097	1	1
35	3	84	1	2	4	24	33	5	2	5	1	1	1	2	1.510000e+00	1.943300e+02	1753	1	1
35	3	1	2	2	1	24	28	2	3	2	1	1	1	2	2.720000e+00	1.970500e+02	5304	1	NaN
35	3	2	2	2	2	15	47	5	3	5	1	1	1	2	2.200000e+00	1.992500e+02	3032	1	1
35	3	3	2	1	1	23	12	4	3	3	2	1	1	2	1.100000e+00	2.003500e+02	2457	1	2
35	3	4	2	1	2	18	42	3	4	4	2	1	1	2	2.220000e+00	2.025700e+02	2344	1	1
35	3	5	2	2	1	36	7	5	4	5	1	1	1	2	2.600000e+00	2.051700e+02	2431	1	2
35	3	6	2	2	2	26	10	2	4	4	2	1	2	1	4.080000e+00	2.092500e+02	1870	0	2
35	3	7	2	2	3	31	9	3	5	5	2	1	2	1	4.160000e+00	2.134100e+02	1400	0	1
35	3	8	2	1	1	31	26	4	5	5	2	1	1	2	2.620000e+00	2.160300e+02	1271	1	1
35	3	9	2	2	1	30	46	4	3	3	2	1	2	1	3.890000e+00	2.199200e+02	3638	0	1
35	3	10	2	2	2	43	31	2	5	2	1	1	1	2	9.100000e-01	2.208300e+02	2256	1	2
35	3	11	2	2	3	51	2	3	5	3	1	1	1	2	2.840000e+00	2.236700e+02	4249	1	1
35	3	12	2	2	4	13	48	4	2	4	1	1	1	2	2.180000e+00	2.258500e+02	1929	1	1
35	3	13	2	2	5	19	2	3	5	3	1	1	1	2	2.010000e+00	2.278600e+02	1951	1	1
35	3	14	2	1	1	46	4	3	2	2	2	1	1	2	1.810000e+00	2.296700e+02	2088	1	2
35	3	15	2	1	2	8	5	5	2	5	1	1	2	1	3.820000e+00	2.334900e+02	2560	0	2
35	3	16	2	1	3	48	4	5	3	5	1	1	2	1	4.030000e+00	2.375200e+02	4409	0	1
35	3	17	2	1	4	14	54	3	5	5	2	1	1	2	1.350000e+00	2.388700e+02	5572	1	2
35	3	18	2	1	5	9	22	3	4	4	2	1	1	2	1.600000e+00	2.404700e+02	2128	1	1
35	3	19	2	1	6	37	4	3	4	4	2	1	1	2	1.900000e+00	2.423700e+02	3808	1	1
35	3	20	2	2	1	49	31	2	4	4	2	1	2	1	4.090000e+00	2.464600e+02	4178	0	1
35	3	21	2	2	2	19	10	4	5	5	2	1	2	1	4.040000e+00	2.505000e+02	1039	0	1
35	3	22	2	2	3	14	37	3	2	3	1	1	1	2	1.370000e+00	2.518700e+02	3489	1	2
35	3	23	2	2	4	2	26	4	2	4	1	1	1	2	2.700000e+00	2.545700e+02	3391	1	1
35	3	24	2	2	5	5	3	3	2	3	1	1	1	2	2.020000e+00	2.565900e+02	2800	1	1
35	3	25	2	2	6	27	48	5	2	5	1	1	1	2	2.880000e+00	2.594700e+02	1360	1	1
35	3	26	2	1	1	54	37	2	5	5	2	1	1	2	1.430000e+00	2.609000e+02	2411	1	2
35	3	27	2	1	2	5	11	3	2	2	2	1	1	2	1.630000e+00	2.625300e+02	2768	1	1
35	3	28	2	1	3	4	45	2	3	3	2	1	1	2	1.640000e+00	2.641700e+02	2080	1	1
35	3	29	2	1	4	34	47	5	2	2	2	1	1	2	1.950000e+00	2.661200e+02	2559	1	1
35	3	30	2	2	1	40	51	4	5	4	1	1	1	2	1.540000e+00	2.676600e+02	4783	1	2
35	3	31	2	2	2	12	1	3	5	3	1	1	1	2	1.550000e+00	2.692100e+02	2177	1	1
35	3	32	2	2	3	3	19	2	4	2	1	1	1	2	8.800000e-01	2.700900e+02	1390	1	1
35	3	33	2	2	4	9	34	2	3	2	1	1	1	2	1.600000e+00	2.716900e+02	865	1	1
35	3	34	2	1	1	36	52	3	4	4	2	1	1	2	2.120000e+00	2.738100e+02	4991	1	2
35	3	35	2	1	2	2	12	4	2	2	2	1	1	2	1.910000e+00	2.757200e+02	1630	1	1
35	3	36	2	1	3	18	4	5	3	3	2	1	1	2	1.920000e+00	2.776400e+02	2401	1	1
35	3	37	2	1	4	46	28	5	4	4	2	1	1	2	1.940000e+00	2.795800e+02	2307	1	1
35	3	38	2	1	5	12	39	2	5	5	2	1	1	2	2.080000e+00	2.816600e+02	4975	1	1
35	3	39	2	2	1	45	44	4	3	4	1	1	1	2	1.760000e+00	2.834200e+02	3640	1	2
35	3	40	2	1	1	6	19	2	4	4	2	1	1	2	1.670000e+00	2.850900e+02	3023	1	2
35	3	41	2	1	2	25	35	4	5	5	2	1	1	2	2.240000e+00	2.873300e+02	3359	1	1
35	3	42	2	1	3	54	32	5	4	4	2	1	1	2	1.800000e+00	2.891300e+02	2911	1	1
35	3	43	2	2	1	27	42	5	3	5	1	1	1	2	2.110000e+00	2.912400e+02	4901	1	2
35	3	44	2	2	2	28	13	2	5	2	1	1	1	2	1.550000e+00	2.927900e+02	1382	1	1
35	3	45	2	2	3	35	14	4	3	4	1	1	1	2	1.930000e+00	2.947200e+02	3957	1	1
35	3	46	2	1	1	20	32	4	5	5	2	1	1	2	2.350000e+00	2.970700e+02	3029	1	2
35	3	47	2	1	2	51	46	4	3	3	2	1	1	2	1.580000e+00	2.986500e+02	1768	1	1
35	3	48	2	2	1	32	51	4	5	4	1	1	1	2	2.070000e+00	3.007200e+02	5593	1	2
35	3	49	2	2	2	25	41	4	3	4	1	1	1	2	1.890000e+00	3.026100e+02	4016	1	1
35	3	50	2	2	3	18	39	3	2	3	1	1	1	2	1.960000e+00	3.045700e+02	4445	1	1
35	3	51	2	2	4	20	37	4	5	4	1	1	1	2	1.830000e+00	3.064000e+02	1874	1	1
35	3	52	2	2	5	7	45	2	3	2	1	1	1	2	1.020000e+00	3.074200e+02	3805	1	1
35	3	53	2	2	6	51	50	2	4	2	1	1	1	2	1.930000e+00	3.093500e+02	3453	1	1
35	3	54	2	1	1	49	14	4	2	2	2	1	1	2	2.660000e+00	3.120100e+02	4736	1	2
35	3	55	2	1	2	19	49	5	3	3	2	1	1	2	2.310000e+00	3.143200e+02	3809	1	1
35	3	56	2	1	3	50	53	5	4	4	2	1	1	2	1.820000e+00	3.161400e+02	3033	1	1
35	3	57	2	1	4	19	21	3	5	5	2	1	1	2	1.690000e+00	3.178300e+02	2558	1	1
35	3	58	2	2	1	23	17	2	4	2	1	1	1	2	2.120000e+00	3.199500e+02	1432	1	2
35	3	59	2	2	2	5	37	2	3	2	1	1	1	2	1.820000e+00	3.217700e+02	3390	1	1
35	3	60	2	1	1	20	2	5	4	4	2	1	1	2	1.750000e+00	3.235200e+02	2785	1	2
35	3	61	2	1	2	34	13	4	2	2	2	1	1	2	2.030000e+00	3.255500e+02	3015	1	1
35	3	62	2	1	3	41	28	2	5	5	2	1	1	2	2.590000e+00	3.281400e+02	3153	1	1
35	3	63	2	1	4	26	52	3	2	3	1	1	2	1	3.700000e+00	3.318400e+02	1928	0	2
35	3	64	2	1	5	53	19	3	4	4	2	1	1	2	2.280000e+00	3.341200e+02	3320	1	2
35	3	65	2	2	1	12	17	2	4	2	1	1	1	2	1.520000e+00	3.356400e+02	1265	1	2
35	3	66	2	2	2	19	12	2	5	2	1	1	1	2	2.450000e+00	3.380900e+02	2304	1	1
35	3	67	2	2	3	19	21	2	5	2	1	1	1	2	8.600000e-01	3.389500e+02	2622	1	1
35	3	68	2	2	4	26	23	3	5	3	1	1	1	2	1.890000e+00	3.408400e+02	4132	1	1
35	3	69	2	1	1	37	30	5	2	2	2	1	1	2	2.030000e+00	3.428700e+02	2029	1	2
35	3	70	2	2	1	42	15	3	4	3	1	1	1	2	1.800000e+00	3.446700e+02	5226	1	2
35	3	71	2	1	1	16	41	5	2	2	2	1	1	2	1.900000e+00	3.465700e+02	2103	1	2
35	3	72	2	1	2	1	42	5	4	4	2	1	1	2	1.290000e+00	3.478600e+02	2077	1	1
35	3	73	2	1	3	37	21	4	2	2	2	1	1	2	1.470000e+00	3.493300e+02	3073	1	1
35	3	74	2	1	4	30	49	4	2	2	2	1	1	2	1.620000e+00	3.509500e+02	6294	1	1
35	3	75	2	1	5	41	28	2	3	3	2	1	1	2	2.170000e+00	3.531200e+02	1217	1	1
35	3	76	2	1	6	36	21	3	2	3	1	1	2	1	3.930000e+00	3.570500e+02	3742	0	2
35	3	77	2	2	1	37	7	2	3	3	2	1	2	1	4.180000e+00	3.612300e+02	2160	0	2
35	3	78	2	2	2	38	5	4	3	4	1	1	1	2	2.070000e+00	3.633000e+02	4057	1	2
35	3	79	2	2	3	18	32	5	2	5	1	1	1	2	1.120000e+00	3.644200e+02	4360	1	1
35	3	80	2	2	4	18	33	5	4	4	2	1	2	1	3.950000e+00	3.683700e+02	5032	0	2
35	3	81	2	2	5	40	34	5	2	5	1	1	1	2	1.690000e+00	3.700600e+02	4703	1	2
35	3	82	2	1	1	11	13	5	3	3	2	1	1	2	2.050000e+00	3.721100e+02	2624	1	2
35	3	83	2	1	2	3	26	3	4	4	2	1	1	2	1.900000e+00	3.740100e+02	3591	1	1
35	3	84	2	1	3	52	12	5	3	5	1	1	2	1	3.970000e+00	3.779800e+02	5183	0	2
35	3	1	3	1	1	1	19	2	3	3	2	1	1	2	1.650000e+00	3.796300e+02	2168	1	NaN
35	3	2	3	1	2	36	38	5	4	4	2	1	1	2	1.970000e+00	3.816000e+02	2287	1	1
35	3	3	3	1	3	17	12	2	3	3	2	1	1	2	1.320000e+00	3.829200e+02	2584	1	1
35	3	4	3	2	1	31	16	3	2	3	1	1	1	2	2.290000e+00	3.852100e+02	2281	1	2
35	3	5	3	2	2	31	48	3	2	3	1	1	1	2	1.380000e+00	3.865900e+02	2737	1	1
35	3	6	3	2	3	40	24	5	3	3	2	1	2	1	3.920000e+00	3.905100e+02	1673	0	2
35	3	7	3	2	4	21	10	3	4	3	1	1	1	2	1.930000e+00	3.924400e+02	1848	1	2
35	3	8	3	2	5	36	13	4	5	4	1	1	1	2	2.120000e+00	3.945600e+02	4557	1	1
35	3	9	3	1	1	9	30	5	3	5	1	1	2	1	3.990000e+00	3.985500e+02	1432	0	1
35	3	10	3	1	2	27	15	4	2	4	1	1	2	1	4.200000e+00	4.027500e+02	4064	0	1
35	3	11	3	1	3	36	27	2	5	5	2	1	1	2	2.760000e+00	4.055100e+02	4264	1	2
35	3	12	3	1	4	19	42	2	3	3	2	1	1	2	2.300000e+00	4.078100e+02	2126	1	1
35	3	13	3	2	1	35	43	2	5	2	1	1	1	2	2.040000e+00	4.098500e+02	2399	1	2
35	3	14	3	2	2	32	50	2	4	2	1	1	1	2	1.620000e+00	4.114700e+02	2863	1	1
35	3	15	3	2	3	25	51	3	5	3	1	1	1	2	1.780000e+00	4.132500e+02	1121	1	1
35	3	16	3	1	1	12	1	2	5	5	2	1	1	2	1.340000e+00	4.145900e+02	3512	1	2
35	3	17	3	2	1	9	15	3	2	3	1	1	1	2	1.820000e+00	4.164100e+02	1365	1	2
35	3	18	3	2	2	29	2	4	5	5	2	1	2	1	3.940000e+00	4.203500e+02	1557	0	2
35	3	19	3	1	1	12	4	2	5	5	2	1	1	2	2.830000e+00	4.231800e+02	3428	1	1
35	3	20	3	1	2	23	19	4	3	3	2	1	1	2	2.350000e+00	4.255300e+02	2928	1	1
35	3	21	3	1	3	4	35	5	2	2	2	1	1	2	2.030000e+00	4.275600e+02	2096	1	1
35	3	22	3	1	4	2	33	4	5	5	2	1	1	2	1.860000e+00	4.294200e+02	2608	1	1
35	3	23	3	1	5	11	28	3	4	4	2	1	1	2	2.040000e+00	4.314600e+02	1207	1	1
35	3	24	3	2	1	40	25	3	4	3	1	1	1	2	2.360000e+00	4.338200e+02	3649	1	2
35	3	25	3	2	2	38	18	3	5	3	1	1	1	2	3.050000e+00	4.368700e+02	4608	1	1
35	3	26	3	2	3	2	20	5	2	5	1	1	1	2	2.150000e+00	4.390200e+02	2177	1	1
35	3	27	3	2	4	36	44	5	2	5	1	1	1	2	2.410000e+00	4.414300e+02	4260	1	1
35	3	28	3	2	5	29	44	4	5	4	1	1	1	2	2.320000e+00	4.437500e+02	2992	1	1
35	3	29	3	2	6	1	31	5	4	5	1	1	1	2	2.260000e+00	4.460100e+02	1710	1	1
35	3	30	3	1	1	23	46	5	2	2	2	1	1	2	2.470000e+00	4.484800e+02	1526	1	2
35	3	31	3	1	2	4	46	5	3	3	2	1	1	2	2.590000e+00	4.510700e+02	4103	1	1
35	3	32	3	2	1	10	54	2	5	2	1	1	1	2	2.020000e+00	4.530900e+02	1096	1	2
35	3	33	3	2	2	43	11	4	2	2	2	1	2	1	3.960000e+00	4.570500e+02	1303	0	2
35	3	34	3	2	3	1	45	4	3	4	1	1	1	2	2.110000e+00	4.591600e+02	3576	1	2
35	3	35	3	2	4	33	1	2	4	4	2	1	2	1	4.120000e+00	4.632800e+02	4173	0	2
35	3	36	3	1	1	40	39	5	3	3	2	1	1	2	2.570000e+00	4.658500e+02	2880	1	1
35	3	37	3	1	2	43	7	3	2	2	2	1	1	2	1.740000e+00	4.675900e+02	1049	1	1
35	3	38	3	1	3	15	9	4	2	2	2	1	1	2	2.430000e+00	4.700200e+02	913	1	1
35	3	39	3	1	4	47	52	5	4	4	2	1	1	2	1.920000e+00	4.719400e+02	3095	1	1
35	3	40	3	1	5	51	7	3	5	5	2	1	1	2	1.840000e+00	4.737800e+02	4497	1	1
35	3	41	3	1	6	1	13	4	3	3	2	1	1	2	2.260000e+00	4.760400e+02	3279	1	1
35	3	42	3	2	1	31	35	3	5	3	1	1	1	2	2.440000e+00	4.784800e+02	6656	1	2
35	3	43	3	1	1	31	42	3	2	2	2	1	1	2	1.730000e+00	4.802100e+02	2521	1	2
35	3	44	3	1	2	22	50	3	5	3	1	1	2	1	3.820000e+00	4.840300e+02	2272	0	2
35	3	45	3	1	3	27	31	3	2	3	1	1	2	1	3.990000e+00	4.880200e+02	1488	0	1
35	3	46	3	1	4	30	24	2	4	2	1	1	2	1	4.070000e+00	4.920900e+02	3695	0	1
35	3	47	3	1	5	50	16	3	5	3	1	1	2	1	4.010000e+00	4.961000e+02	4223	0	1
35	3	48	3	2	1	21	20	4	3	4	1	1	1	2	2.740000e+00	4.988400e+02	3800	1	1
35	3	49	3	2	2	49	22	2	4	2	1	1	1	2	1.840000e+00	5.006800e+02	1646	1	1
35	3	50	3	2	3	19	22	5	2	2	2	1	2	1	4.090000e+00	5.047700e+02	1713	0	2
35	3	51	3	2	4	51	42	2	4	2	1	1	1	2	1.630000e+00	5.064000e+02	4592	1	2
35	3	52	3	2	5	4	51	2	3	2	1	1	1	2	1.400000e+00	5.078000e+02	1591	1	1
35	3	53	3	1	1	44	36	4	5	4	1	1	2	1	4.080000e+00	5.118800e+02	3338	0	1
35	3	54	3	2	1	52	54	4	2	2	2	1	2	1	3.840000e+00	5.157200e+02	3470	0	2
35	3	55	3	2	2	12	36	4	2	4	1	1	1	2	1.390000e+00	5.171100e+02	4247	1	2
35	3	56	3	2	3	6	41	4	5	4	1	1	1	2	1.710000e+00	5.188200e+02	3624	1	1
35	3	57	3	2	4	15	14	5	4	5	1	1	1	2	1.300000e+00	5.201200e+02	3497	1	1
35	3	58	3	1	1	10	20	5	4	5	1	1	2	1	4.070000e+00	5.241900e+02	2345	0	1
35	3	59	3	1	2	19	50	4	3	3	2	1	1	2	1.870000e+00	5.260600e+02	3656	1	2
35	3	60	3	1	3	42	12	4	3	3	2	1	1	2	1.390000e+00	5.274500e+02	5125	1	1
35	3	61	3	1	4	47	16	4	2	2	2	1	1	2	1.580000e+00	5.290300e+02	2351	1	1
35	3	62	3	1	5	16	18	5	4	4	2	1	1	2	1.540000e+00	5.305700e+02	6070	1	1
35	3	63	3	1	6	7	54	4	2	2	2	1	1	2	1.970000e+00	5.325400e+02	2077	1	1
35	3	64	3	2	1	3	2	5	3	5	1	1	1	2	8.600000e-01	5.334000e+02	4366	1	2
35	3	65	3	2	2	18	4	3	4	3	1	1	1	2	1.670000e+00	5.350700e+02	3191	1	1
35	3	66	3	2	3	51	39	2	4	2	1	1	1	2	1.340000e+00	5.364100e+02	5289	1	1
35	3	67	3	2	4	3	10	2	5	5	2	1	2	1	4.040000e+00	5.404500e+02	1206	0	2
35	3	68	3	2	5	2	35	2	3	2	1	1	1	2	2.280000e+00	5.427300e+02	2569	1	2
35	3	69	3	2	6	32	43	3	5	3	1	1	1	2	2.070000e+00	5.448000e+02	4602	1	1
35	3	70	3	1	1	48	46	3	4	4	2	1	1	2	1.950000e+00	5.467500e+02	1647	1	2
35	3	71	3	1	2	37	11	3	4	4	2	1	1	2	7.600000e-01	5.475100e+02	1993	1	1
35	3	72	3	1	3	12	8	2	3	3	2	1	1	2	2.010000e+00	5.495200e+02	1880	1	1
35	3	73	3	1	4	10	41	5	2	2	2	1	1	2	1.590000e+00	5.511100e+02	1798	1	1
35	3	74	3	2	1	6	26	5	3	5	1	1	1	2	1.870000e+00	5.529800e+02	3880	1	2
35	3	75	3	1	1	28	38	2	5	5	2	1	1	2	1.850000e+00	5.548300e+02	3398	1	2
35	3	76	3	1	2	36	25	2	3	3	2	1	1	2	1.450000e+00	5.562800e+02	2998	1	1
35	3	77	3	2	1	54	37	4	3	4	1	1	1	2	2.270000e+00	5.585500e+02	4247	1	2
35	3	78	3	2	2	45	14	5	3	5	1	1	1	2	2.110000e+00	5.606600e+02	1689	1	1
35	3	79	3	1	1	6	2	3	2	2	2	1	1	2	1.830000e+00	5.624900e+02	3807	1	2
35	3	80	3	1	2	25	34	4	5	5	2	1	1	2	2.420000e+00	5.649100e+02	2694	1	1
35	3	81	3	1	3	47	7	5	2	2	2	1	1	2	2.740000e+00	5.676500e+02	1236	1	1
35	3	82	3	2	1	15	6	5	4	5	1	1	1	2	1.480000e+00	5.691300e+02	3295	1	2
35	3	83	3	2	2	1	9	2	4	4	2	1	2	1	4	5.731300e+02	1669	0	2
35	3	84	3	2	3	16	33	3	4	3	1	1	1	2	1.480000e+00	5.746100e+02	3008	1	2
35	3	1	4	1	1	1	17	2	3	2	1	1	2	1	4.090000e+00	5.787000e+02	3149	0	NaN
35	3	2	4	1	2	7	47	3	4	4	2	1	1	2	2.240000e+00	5.809400e+02	2030	1	2
35	3	3	4	1	3	22	36	3	5	5	2	1	1	2	1.760000e+00	5.827000e+02	3865	1	1
35	3	4	4	1	4	41	14	5	3	3	2	1	1	2	1.740000e+00	5.844400e+02	3016	1	1
35	3	5	4	1	5	33	12	3	2	2	2	1	1	2	1.640000e+00	5.860800e+02	2104	1	1
35	3	6	4	2	1	36	50	3	2	2	2	1	2	1	4.110000e+00	5.901900e+02	1929	0	1
35	3	7	4	1	1	33	43	3	2	2	2	1	1	2	1.880000e+00	5.920700e+02	3463	1	1
35	3	8	4	1	2	10	36	3	4	4	2	1	1	2	1.930000e+00	594	4743	1	1
35	3	9	4	2	1	40	5	5	4	4	2	1	2	1	3.850000e+00	5.978500e+02	2856	0	1
35	3	10	4	2	2	37	8	3	5	5	2	1	2	1	4.040000e+00	6.018900e+02	2133	0	1
35	3	11	4	2	3	40	9	2	5	5	2	1	2	1	4.320000e+00	6.062100e+02	1807	0	1
35	3	12	4	1	1	30	14	5	2	2	2	1	1	2	2.140000e+00	6.083500e+02	2467	1	1
35	3	13	4	2	1	15	39	2	5	2	1	1	1	2	1.330000e+00	6.096800e+02	2782	1	2
35	3	14	4	2	2	3	30	2	5	2	1	1	1	2	2.120000e+00	6.118000e+02	4096	1	1
35	3	15	4	2	3	46	11	3	4	4	2	1	2	1	3.830000e+00	6.156300e+02	2412	0	2
35	3	16	4	2	4	31	32	5	4	5	1	1	1	2	2.070000e+00	6.177000e+02	4967	1	2
35	3	17	4	1	1	43	29	5	2	5	1	1	2	1	3.800000e+00	6.215000e+02	2177	0	1
35	3	18	4	1	2	35	16	5	4	4	2	1	1	2	2.340000e+00	6.238400e+02	3015	1	2
35	3	19	4	1	3	48	43	2	5	5	2	1	1	2	2.540000e+00	6.263800e+02	1310	1	1
35	3	20	4	1	4	19	42	4	2	2	2	1	1	2	2.730000e+00	6.291100e+02	1711	1	1
35	3	21	4	2	1	44	23	4	3	4	1	1	1	2	2.650000e+00	6.317600e+02	1207	1	2
35	3	22	4	2	2	20	51	5	2	5	1	1	1	2	1.640000e+00	6.334000e+02	1887	1	1
35	3	23	4	2	3	43	7	4	5	4	1	1	1	2	2.210000e+00	6.356100e+02	3888	1	1
35	3	24	4	2	4	3	24	5	4	5	1	1	1	2	2.430000e+00	6.380400e+02	2445	1	1
35	3	25	4	2	5	10	33	2	4	2	1	1	1	2	1.490000e+00	6.395300e+02	3582	1	1
35	3	26	4	2	6	30	25	4	3	3	2	1	2	1	4.020000e+00	6.435500e+02	1686	0	2
35	3	27	4	1	1	22	16	2	4	4	2	1	1	2	2.360000e+00	6.459100e+02	2255	1	1
35	3	28	4	1	2	29	45	5	3	3	2	1	1	2	1.390000e+00	6.473000e+02	5833	1	1
35	3	29	4	1	3	52	24	4	2	2	2	1	1	2	1.550000e+00	6.488500e+02	1305	1	1
35	3	30	4	2	1	20	7	4	5	4	1	1	1	2	2.370000e+00	6.512200e+02	1720	1	2
35	3	31	4	2	2	48	17	4	2	4	1	1	1	2	2	6.532200e+02	1469	1	1
35	3	32	4	2	3	35	46	4	5	4	1	1	1	2	2.250000e+00	6.554700e+02	2440	1	1
35	3	33	4	2	4	14	49	4	2	2	2	1	2	1	4.160000e+00	6.596300e+02	2470	0	2
35	3	34	4	2	5	2	11	2	3	2	1	1	1	2	2.230000e+00	6.618600e+02	2654	1	2
35	3	35	4	1	1	33	18	4	3	3	2	1	1	2	1.630000e+00	6.634900e+02	2846	1	2
35	3	36	4	1	2	9	13	4	3	4	1	1	2	1	4.090000e+00	6.675800e+02	1710	0	2
35	3	37	4	1	3	33	38	3	5	5	2	1	1	2	1.920000e+00	6.695000e+02	5000	1	2
35	3	38	4	1	4	1	12	4	5	5	2	1	1	2	1.620000e+00	6.711200e+02	1864	1	1
35	3	39	4	1	5	36	19	3	5	5	2	1	1	2	2.990000e+00	6.741100e+02	1912	1	1
35	3	40	4	1	6	9	28	4	5	5	2	1	1	2	2.040000e+00	6.761500e+02	1880	1	1
35	3	41	4	2	1	4	3	4	2	4	1	1	1	2	1.560000e+00	6.777100e+02	2580	1	2
35	3	42	4	2	2	17	44	5	2	2	2	1	2	1	4.070000e+00	6.817800e+02	2192	0	2
35	3	43	4	1	1	6	20	4	3	3	2	1	1	2	2.790000e+00	6.845700e+02	2510	1	1
35	3	44	4	1	2	6	8	4	3	2	0	0	0	0	0	6.845700e+02	1767	NaN	NaN
35	3	45	4	1	3	15	50	5	4	4	2	1	1	2	2.280000e+00	6.868500e+02	5500	1	NaN
35	3	46	4	2	1	2	38	3	4	3	1	1	1	2	2.370000e+00	6.892200e+02	4327	1	2
35	3	47	4	1	1	4	53	3	4	4	2	1	1	2	2.050000e+00	6.912700e+02	3236	1	2
35	3	48	4	1	2	1	10	2	3	3	2	1	1	2	1.930000e+00	6.932000e+02	1398	1	1
35	3	49	4	1	3	17	29	2	4	3	0	0	0	0	0	6.932000e+02	2712	NaN	NaN
35	3	50	4	1	4	25	27	5	3	3	2	1	1	2	2.410000e+00	6.956100e+02	1484	1	NaN
35	3	51	4	1	5	54	5	3	2	2	2	1	1	2	1.910000e+00	6.975200e+02	2445	1	1
35	3	52	4	2	1	33	20	3	5	3	1	1	1	2	2.040000e+00	6.995600e+02	3120	1	2
35	3	53	4	2	2	2	13	3	4	4	2	1	2	1	3.940000e+00	7.035000e+02	4255	0	2
35	3	54	4	2	3	47	48	3	5	3	1	1	1	2	1.680000e+00	7.051800e+02	6848	1	2
35	3	55	4	2	4	39	54	4	2	4	1	1	1	2	1.870000e+00	7.070500e+02	3398	1	1
35	3	56	4	2	5	19	20	2	5	2	1	1	1	2	1.440000e+00	7.084900e+02	1912	1	1
35	3	57	4	1	1	22	19	5	4	5	1	1	2	1	4.030000e+00	7.125200e+02	3143	0	1
35	3	58	4	2	1	15	2	5	3	5	1	1	1	2	2.050000e+00	7.145700e+02	4776	1	1
35	3	59	4	2	2	11	34	4	2	4	1	1	1	2	1.980000e+00	7.165500e+02	3903	1	1
35	3	60	4	2	3	22	42	2	4	2	1	1	1	2	9.400000e-01	7.174900e+02	1464	1	1
35	3	61	4	2	4	5	17	4	5	4	1	1	1	2	1.760000e+00	7.192500e+02	2655	1	1
35	3	62	4	2	5	16	21	5	2	5	1	1	1	2	2.120000e+00	7.213700e+02	3087	1	1
35	3	63	4	2	6	18	48	4	3	4	1	1	1	2	2.170000e+00	7.235400e+02	3662	1	1
35	3	64	4	1	1	16	34	5	2	2	2	1	1	2	2.080000e+00	7.256200e+02	3919	1	2
35	3	65	4	1	2	42	41	5	4	4	2	1	1	2	1.980000e+00	7.276000e+02	2704	1	1
35	3	66	4	1	3	5	20	3	5	5	2	1	1	2	1.240000e+00	7.288400e+02	1828	1	1
35	3	67	4	1	4	16	13	3	2	2	2	1	1	2	2.160000e+00	7.310000e+02	2398	1	1
35	3	68	4	2	1	47	29	2	4	2	1	1	1	2	1.940000e+00	7.329400e+02	4776	1	2
35	3	69	4	2	2	26	29	2	4	2	1	1	1	2	2.230000e+00	7.351700e+02	1255	1	1
35	3	70	4	1	1	29	9	2	5	2	1	1	2	1	4.070000e+00	7.392400e+02	2582	0	1
35	3	71	4	1	2	13	15	5	3	3	2	1	1	2	1.960000e+00	7.412000e+02	5088	1	2
35	3	72	4	2	1	19	10	2	4	2	1	1	1	2	2.150000e+00	7.433500e+02	1891	1	2
35	3	73	4	2	2	47	6	3	4	4	2	1	2	1	3.960000e+00	7.473100e+02	1422	0	2
35	3	74	4	2	3	24	17	3	2	3	1	1	1	2	1.850000e+00	7.491600e+02	3533	1	2
35	3	75	4	1	1	6	3	2	3	3	2	1	1	2	1.820000e+00	7.509800e+02	3294	1	2
35	3	76	4	1	2	45	54	5	3	5	1	1	2	1	3.890000e+00	7.548700e+02	2134	0	2
35	3	77	4	1	3	9	51	3	2	3	1	1	2	1	4.030000e+00	7.589000e+02	4190	0	1
35	3	78	4	1	4	27	49	2	3	2	1	1	2	1	4.150000e+00	7.630500e+02	5047	0	1
35	3	79	4	1	5	23	4	5	2	2	2	1	1	2	1.730000e+00	7.647800e+02	3702	1	2
35	3	80	4	1	6	8	3	2	5	2	1	1	2	1	3.940000e+00	7.687200e+02	1001	0	2
35	3	81	4	2	1	48	3	4	5	5	2	1	2	1	4.090000e+00	7.728100e+02	2030	0	2
35	3	82	4	2	2	14	42	5	3	5	1	1	1	2	2.020000e+00	7.748300e+02	2694	1	2
35	3	83	4	2	3	18	6	2	3	2	1	1	1	2	2.730000e+00	7.775600e+02	2689	1	1
35	3	84	4	2	4	44	26	2	3	3	2	1	2	1	3.800000e+00	7.813600e+02	982	0	2
