LEDISAS2	Code = 65	
SubNo	Group(1=OHRHV,SLRLV; 2=OHRLV,SLRHV; 3=OLRHV,SHRLV, 4 = OLRLV,SHRHV)	Block_trial	Block	VarDist_cond	Run_number	Targ1_position	Targ2_position	Red_targ_digit	Blue_targ_digit	Response	Targ_Choice	Acc	RewardOutcome(0=inaccurate;1=lowReward;2=highReward)	VarianceOutcome(0=inaccurate; 1=lowVariance; 2=highVariance)	OutcomeValue	Points	RT	Optimal_Choice	Repeat_Switch
65	1	1	0	2	1	42	16	3	2	3	1	1	NaN	NaN	0	0	11476	1	NaN
65	1	2	0	2	2	30	41	4	3	4	1	1	NaN	NaN	0	0	4407	1	1
65	1	3	0	1	1	4	41	3	2	4	0	0	NaN	NaN	0	0	2789	NaN	NaN
65	1	4	0	1	2	31	19	2	5	5	2	1	NaN	NaN	0	0	7615	1	NaN
65	1	5	0	1	3	17	31	4	2	3	0	0	NaN	NaN	0	0	4901	NaN	NaN
65	1	6	0	1	4	15	49	5	4	5	1	1	NaN	NaN	0	0	4167	0	NaN
65	1	7	0	2	1	51	21	4	2	3	0	0	NaN	NaN	0	0	2838	NaN	NaN
65	1	8	0	2	2	24	22	4	3	3	2	1	NaN	NaN	0	0	11667	0	NaN
65	1	9	0	2	3	43	34	5	3	3	2	1	NaN	NaN	0	0	4310	0	1
65	1	10	0	1	1	33	41	5	2	2	2	1	NaN	NaN	0	0	2647	1	1
65	1	1	1	2	1	37	43	3	4	3	1	1	2	2	3.800000e+00	3.800000e+00	4349	1	NaN
65	1	2	1	2	2	15	7	4	2	4	1	1	2	2	3.220000e+00	7.020000e+00	1980	1	1
65	1	3	1	1	1	3	30	3	2	3	1	1	1	1	2.010000e+00	9.030000e+00	1666	0	1
65	1	4	1	1	2	13	17	4	5	4	1	1	1	1	2.030000e+00	1.106000e+01	3388	0	1
65	1	5	1	1	3	26	21	2	4	4	2	1	2	2	3.460000e+00	1.452000e+01	2362	1	2
65	1	6	1	1	4	52	35	4	3	3	2	1	2	2	4.560000e+00	1.908000e+01	2489	1	1
65	1	7	1	2	1	1	43	2	4	4	2	1	1	1	2.140000e+00	2.122000e+01	5179	0	1
65	1	8	1	2	2	35	53	3	2	3	1	1	2	2	3.980000e+00	2.520000e+01	2857	1	2
65	1	9	1	2	3	52	18	2	5	5	2	1	1	1	2.040000e+00	2.724000e+01	7708	0	2
65	1	10	1	1	1	12	16	3	2	3	1	1	1	1	2.020000e+00	2.926000e+01	3414	0	2
65	1	11	1	1	2	21	13	4	2	2	2	1	2	2	3.910000e+00	3.317000e+01	7442	1	2
65	1	12	1	1	3	46	15	5	4	5	1	1	1	1	2.090000e+00	3.526000e+01	6646	0	2
65	1	13	1	1	4	12	33	5	4	4	2	1	2	2	3.720000e+00	3.898000e+01	3258	1	2
65	1	14	1	1	5	11	54	3	2	2	2	1	2	2	5.030000e+00	4.401000e+01	2517	1	1
65	1	15	1	1	6	41	46	5	2	5	1	1	1	1	1.980000e+00	4.599000e+01	4726	0	2
65	1	16	1	2	1	24	47	2	4	4	2	1	1	1	2.010000e+00	48	3950	0	2
65	1	17	1	2	2	49	16	2	3	3	2	1	1	1	2.130000e+00	5.013000e+01	3558	0	1
65	1	18	1	2	3	38	4	2	4	4	2	1	1	1	2.010000e+00	5.214000e+01	2661	0	1
65	1	19	1	2	4	17	7	5	2	5	1	1	2	2	3.950000e+00	5.609000e+01	3000	1	2
65	1	20	1	1	1	43	50	4	5	5	2	1	2	2	3.610000e+00	5.970000e+01	3855	1	2
65	1	21	1	1	2	9	32	5	4	5	1	1	1	1	2.030000e+00	6.173000e+01	7465	0	2
65	1	22	1	2	1	28	9	2	5	2	1	1	2	2	3.370000e+00	6.510000e+01	2387	1	1
65	1	23	1	2	2	27	25	4	5	5	2	1	1	1	2.080000e+00	6.718000e+01	4737	0	2
65	1	24	1	2	3	1	23	2	3	3	2	1	1	1	2.190000e+00	6.937000e+01	1946	0	1
65	1	25	1	2	4	45	31	2	5	5	2	1	1	1	1.920000e+00	7.129000e+01	5234	0	1
65	1	26	1	2	5	49	50	2	4	4	2	1	1	1	2.100000e+00	7.339000e+01	4061	0	1
65	1	27	1	1	1	25	15	4	3	3	2	1	2	2	4.590000e+00	7.798000e+01	4201	1	1
65	1	28	1	2	1	15	1	4	3	4	1	1	2	2	3.250000e+00	8.123000e+01	2494	1	2
65	1	29	1	1	1	46	17	2	5	5	2	1	2	2	3.320000e+00	8.455000e+01	3000	1	2
65	1	30	1	1	2	52	8	3	4	4	2	1	2	2	4.270000e+00	8.882000e+01	2197	1	1
65	1	31	1	1	3	11	25	5	3	3	2	1	2	2	3.810000e+00	9.263000e+01	4642	1	1
65	1	32	1	2	1	50	15	5	3	5	1	1	2	2	4.330000e+00	9.696000e+01	8966	1	2
65	1	33	1	2	2	11	45	4	3	4	1	1	2	2	4.380000e+00	1.013400e+02	1957	1	1
65	1	34	1	2	3	17	18	4	2	4	1	1	2	2	4.340000e+00	1.056800e+02	2308	1	1
65	1	35	1	2	4	32	22	5	2	2	2	1	1	1	2.150000e+00	1.078300e+02	3853	0	2
65	1	36	1	2	5	26	44	5	3	5	1	1	2	2	4.320000e+00	1.121500e+02	3265	1	2
65	1	37	1	2	6	29	54	3	2	3	1	1	2	2	4.560000e+00	1.167100e+02	2707	1	1
65	1	38	1	1	1	12	27	2	5	2	1	1	1	1	1.860000e+00	1.185700e+02	3077	0	1
65	1	39	1	1	2	25	11	2	3	2	1	1	1	1	2	1.205700e+02	2799	0	1
65	1	40	1	1	3	42	17	3	5	3	1	1	1	1	1.980000e+00	1.225500e+02	1796	0	1
65	1	41	1	1	4	42	39	4	5	4	1	1	1	1	1.810000e+00	1.243600e+02	2986	0	1
65	1	42	1	1	5	41	46	2	3	3	2	1	2	2	4.120000e+00	1.284800e+02	2248	1	2
65	1	43	1	2	1	47	17	3	4	3	1	1	2	2	3.500000e+00	1.319800e+02	4074	1	2
65	1	44	1	2	2	27	31	2	3	2	1	1	2	2	4.670000e+00	1.366500e+02	3677	1	1
65	1	45	1	2	3	49	30	2	3	2	1	1	2	2	3.620000e+00	1.402700e+02	1880	1	1
65	1	46	1	2	4	27	54	5	2	5	1	1	2	2	4.250000e+00	1.445200e+02	5170	1	1
65	1	47	1	2	5	39	21	4	2	4	1	1	2	2	4.100000e+00	1.486200e+02	2785	1	1
65	1	48	1	2	6	48	26	3	2	3	1	1	2	2	3.570000e+00	1.521900e+02	2686	1	1
65	1	49	1	1	1	29	40	3	5	5	2	1	2	2	2.980000e+00	1.551700e+02	3400	1	2
65	1	50	1	1	2	15	47	5	3	3	2	1	2	2	3.970000e+00	1.591400e+02	2798	1	1
65	1	51	1	1	3	36	12	2	5	5	2	1	2	2	3.520000e+00	1.626600e+02	3548	1	1
65	1	52	1	2	1	4	31	3	5	5	2	1	1	1	2.070000e+00	1.647300e+02	4954	0	1
65	1	53	1	2	2	49	38	5	4	5	1	1	2	2	4.240000e+00	1.689700e+02	6554	1	2
65	1	54	1	1	1	5	16	3	5	5	2	1	2	2	4.800000e+00	1.737700e+02	1865	1	2
65	1	55	1	1	2	53	50	5	3	3	2	1	2	2	4.280000e+00	1.780500e+02	3267	1	1
65	1	56	1	1	3	23	17	4	2	2	2	1	2	2	3.700000e+00	1.817500e+02	2431	1	1
65	1	57	1	1	4	14	51	5	3	3	2	1	2	2	4.180000e+00	1.859300e+02	2627	1	1
65	1	58	1	2	1	5	14	5	4	5	1	1	2	2	3.520000e+00	1.894500e+02	1751	1	2
65	1	59	1	1	1	51	21	5	4	4	2	1	2	2	3.990000e+00	1.934400e+02	5975	1	2
65	1	60	1	1	2	9	2	3	4	4	2	1	2	2	3.980000e+00	1.974200e+02	4229	1	1
65	1	61	1	1	3	26	7	5	2	2	2	1	2	2	4	2.014200e+02	1250	1	1
65	1	62	1	1	4	50	2	2	4	4	2	1	2	2	3.850000e+00	2.052700e+02	2724	1	1
65	1	63	1	1	5	46	12	3	2	2	2	1	2	2	4.520000e+00	2.097900e+02	2036	1	1
65	1	64	1	1	6	5	17	5	3	3	2	1	2	2	3.120000e+00	2.129100e+02	3505	1	1
65	1	65	1	2	1	1	36	3	5	3	1	1	2	2	4.200000e+00	2.171100e+02	2594	1	2
65	1	66	1	2	2	47	1	3	4	3	1	1	2	2	4.420000e+00	2.215300e+02	4456	1	1
65	1	67	1	2	3	14	38	4	3	4	1	1	2	2	4.340000e+00	2.258700e+02	3579	1	1
65	1	68	1	2	4	51	35	4	3	4	1	1	2	2	4.270000e+00	2.301400e+02	3225	1	1
65	1	69	1	1	1	47	32	4	2	4	1	1	1	1	2	2.321400e+02	3102	0	1
65	1	70	1	2	1	18	11	4	2	4	1	1	2	2	4.320000e+00	2.364600e+02	4311	1	1
65	1	71	1	2	2	49	27	2	4	2	1	1	2	2	4.270000e+00	2.407300e+02	2537	1	1
65	1	72	1	2	3	13	53	3	4	3	1	1	2	2	3.880000e+00	2.446100e+02	3712	1	1
65	1	73	1	1	1	25	38	3	5	5	2	1	2	2	3.820000e+00	2.484300e+02	3361	1	2
65	1	74	1	1	2	8	54	4	5	5	2	1	2	2	3.860000e+00	2.522900e+02	5848	1	1
65	1	75	1	2	1	19	25	3	5	3	1	1	2	2	3.300000e+00	2.555900e+02	3987	1	2
65	1	76	1	2	2	36	5	4	5	4	1	1	2	2	3.890000e+00	2.594800e+02	3330	1	1
65	1	77	1	2	3	39	30	2	5	2	1	1	2	2	4.060000e+00	2.635400e+02	3810	1	1
65	1	78	1	2	4	4	54	5	2	5	1	1	2	2	4.150000e+00	2.676900e+02	5783	1	1
65	1	79	1	2	5	24	35	5	4	5	1	1	2	2	4.680000e+00	2.723700e+02	965	1	1
65	1	80	1	1	1	50	32	3	4	4	2	1	2	2	3.830000e+00	2.762000e+02	3435	1	2
65	1	81	1	1	2	45	15	4	3	3	2	1	2	2	4.290000e+00	2.804900e+02	2103	1	1
65	1	82	1	1	3	25	33	4	5	5	2	1	2	2	4.380000e+00	2.848700e+02	4089	1	1
65	1	83	1	1	4	30	13	2	3	3	2	1	2	2	4.440000e+00	2.893100e+02	3450	1	1
65	1	84	1	1	5	35	26	5	2	2	2	1	2	2	3.530000e+00	2.928400e+02	1366	1	1
65	1	1	2	2	1	29	39	2	5	2	1	1	2	2	4.100000e+00	2.969400e+02	5445	1	NaN
65	1	2	2	2	2	6	4	4	2	4	1	1	2	2	4.110000e+00	3.010500e+02	3010	1	1
65	1	3	2	1	1	21	44	2	4	4	2	1	2	2	3.530000e+00	3.045800e+02	4678	1	2
65	1	4	2	1	2	53	44	2	3	3	2	1	2	2	3.650000e+00	3.082300e+02	2777	1	1
65	1	5	2	1	3	29	36	5	3	3	2	1	2	2	4.510000e+00	3.127400e+02	2936	1	1
65	1	6	2	1	4	42	8	4	3	3	2	1	2	2	3.940000e+00	3.166800e+02	1024	1	1
65	1	7	2	2	1	33	27	3	5	3	1	1	2	2	4.180000e+00	3.208600e+02	4244	1	2
65	1	8	2	2	2	47	31	4	3	4	1	1	2	2	4.040000e+00	3.249000e+02	3256	1	1
65	1	9	2	2	3	51	45	3	4	3	1	1	2	2	3.700000e+00	3.286000e+02	4900	1	1
65	1	10	2	2	4	44	36	5	2	5	1	1	2	2	3.740000e+00	3.323400e+02	3117	1	1
65	1	11	2	2	5	25	18	3	2	3	1	1	2	2	4.210000e+00	3.365500e+02	2157	1	1
65	1	12	2	2	6	10	22	3	2	3	1	1	2	2	3.550000e+00	3.401000e+02	1157	1	1
65	1	13	2	1	1	37	7	3	4	4	2	1	2	2	4.370000e+00	3.444700e+02	4324	1	2
65	1	14	2	2	1	19	12	4	3	4	1	1	2	2	4.270000e+00	3.487400e+02	2181	1	2
65	1	15	2	1	1	12	51	3	4	4	2	1	2	2	3.610000e+00	3.523500e+02	2346	1	2
65	1	16	2	1	2	51	6	4	2	3	0	0	0	0	0	3.523500e+02	1898	NaN	NaN
65	1	17	2	1	3	47	49	4	2	2	2	1	2	2	3.870000e+00	3.562200e+02	1727	1	NaN
65	1	18	2	1	4	40	3	2	4	4	2	1	2	2	3.440000e+00	3.596600e+02	2735	1	1
65	1	19	2	1	5	50	27	2	4	4	2	1	2	2	2.960000e+00	3.626200e+02	2432	1	1
65	1	20	2	1	6	51	29	5	2	2	2	1	2	2	4.460000e+00	3.670800e+02	3515	1	1
65	1	21	2	2	1	43	36	2	5	2	1	1	2	2	3.760000e+00	3.708400e+02	3947	1	2
65	1	22	2	2	2	43	10	5	2	2	2	1	1	1	2.040000e+00	3.728800e+02	1402	0	2
65	1	23	2	2	3	6	19	4	5	4	1	1	2	2	4.110000e+00	3.769900e+02	3481	1	2
65	1	24	2	2	4	14	45	2	5	2	1	1	2	2	4.010000e+00	3.810000e+02	2922	1	1
65	1	25	2	1	1	16	33	3	5	5	2	1	2	2	3.530000e+00	3.845300e+02	4027	1	2
65	1	26	2	1	2	47	7	3	2	2	2	1	2	2	3.550000e+00	3.880800e+02	1383	1	1
65	1	27	2	1	3	51	33	2	3	3	2	1	2	2	3.820000e+00	3.919000e+02	3878	1	1
65	1	28	2	2	1	14	13	4	5	4	1	1	2	2	3.440000e+00	3.953400e+02	3344	1	2
65	1	29	2	2	2	14	34	4	5	4	1	1	2	2	3.500000e+00	3.988400e+02	2936	1	1
65	1	30	2	2	3	9	29	5	3	5	1	1	2	2	4.690000e+00	4.035300e+02	960	1	1
65	1	31	2	2	4	44	27	4	5	5	2	1	1	1	2.010000e+00	4.055400e+02	1544	0	2
65	1	32	2	2	5	34	4	3	4	3	1	1	2	2	3.430000e+00	4.089700e+02	3511	1	2
65	1	33	2	1	1	15	39	2	3	3	2	1	2	2	3.980000e+00	4.129500e+02	3049	1	2
65	1	34	2	1	2	50	53	2	4	4	2	1	2	2	3.470000e+00	4.164200e+02	4996	1	1
65	1	35	2	1	3	23	32	4	3	3	2	1	2	2	3.360000e+00	4.197800e+02	2882	1	1
65	1	36	2	1	4	8	50	2	5	5	2	1	2	2	3.880000e+00	4.236600e+02	1540	1	1
65	1	37	2	1	5	16	31	3	5	5	2	1	2	2	4.450000e+00	4.281100e+02	2644	1	1
65	1	38	2	2	1	47	44	4	5	4	1	1	2	2	4.060000e+00	4.321700e+02	2120	1	2
65	1	39	2	2	2	23	30	2	4	4	2	1	1	1	2.080000e+00	4.342500e+02	3048	0	2
65	1	40	2	2	3	15	5	5	4	5	1	1	2	2	3.450000e+00	4.377000e+02	1820	1	2
65	1	41	2	1	1	36	25	4	2	2	2	1	2	2	3.780000e+00	4.414800e+02	3441	1	2
65	1	42	2	1	2	5	17	3	2	2	2	1	2	2	3.880000e+00	4.453600e+02	3293	1	1
65	1	43	2	2	1	17	28	4	3	4	1	1	2	2	3.430000e+00	4.487900e+02	6558	1	2
65	1	44	2	1	1	52	9	4	2	4	1	1	1	1	1.840000e+00	4.506300e+02	5333	0	1
65	1	45	2	1	2	50	21	5	2	2	2	1	2	2	4.440000e+00	4.550700e+02	3789	1	2
65	1	46	2	1	3	48	21	5	2	2	2	1	2	2	4.010000e+00	4.590800e+02	3179	1	1
65	1	47	2	1	4	42	7	2	3	2	1	1	1	1	1.920000e+00	4.610000e+02	4513	0	2
65	1	48	2	1	5	52	22	5	2	2	2	1	2	2	4.380000e+00	4.653800e+02	4042	1	2
65	1	49	2	1	6	49	33	5	4	4	2	1	2	2	4.110000e+00	4.694900e+02	3853	1	1
65	1	50	2	2	1	49	29	5	4	5	1	1	2	2	3.530000e+00	4.730200e+02	4057	1	2
65	1	51	2	2	2	36	49	5	3	5	1	1	2	2	4.630000e+00	4.776500e+02	3869	1	1
65	1	52	2	2	3	6	24	2	5	5	2	1	1	1	2.030000e+00	4.796800e+02	1503	0	2
65	1	53	2	2	4	35	4	4	2	4	1	1	2	2	4.700000e+00	4.843800e+02	3416	1	2
65	1	54	2	1	1	45	26	5	3	3	2	1	2	2	4.540000e+00	4.889200e+02	4364	1	2
65	1	55	2	1	2	14	30	2	5	5	2	1	2	2	3.680000e+00	4.926000e+02	1826	1	1
65	1	56	2	1	3	16	29	3	4	3	1	1	1	1	1.850000e+00	4.944500e+02	2103	0	2
65	1	57	2	1	4	33	47	4	2	2	2	1	2	2	3.970000e+00	4.984200e+02	4040	1	2
65	1	58	2	2	1	37	25	2	3	3	2	1	1	1	1.960000e+00	5.003800e+02	4309	0	1
65	1	59	2	2	2	25	5	5	2	5	1	1	2	2	3.600000e+00	5.039800e+02	2270	1	2
65	1	60	2	2	3	16	21	3	5	3	1	1	2	2	4.230000e+00	5.082100e+02	3529	1	1
65	1	61	2	2	4	10	46	3	2	3	1	1	2	2	4.700000e+00	5.129100e+02	1760	1	1
65	1	62	2	2	5	54	13	5	4	5	1	1	2	2	3.740000e+00	5.166500e+02	4919	1	1
65	1	63	2	1	1	17	38	4	5	4	1	1	1	1	1.900000e+00	5.185500e+02	4769	0	1
65	1	64	2	2	1	31	45	3	2	2	2	1	1	1	1.970000e+00	5.205200e+02	5407	0	2
65	1	65	2	2	2	30	40	5	3	5	1	1	2	2	4.310000e+00	5.248300e+02	5268	1	2
65	1	66	2	2	3	51	18	2	4	4	2	1	1	1	1.900000e+00	5.267300e+02	4663	0	2
65	1	67	2	1	1	19	18	5	4	4	2	1	2	2	3.430000e+00	5.301600e+02	6906	1	1
65	1	68	2	1	2	17	11	2	5	5	2	1	2	2	3.940000e+00	5.341000e+02	1115	1	1
65	1	69	2	1	3	33	14	2	4	4	2	1	2	2	3.970000e+00	5.380700e+02	4291	1	1
65	1	70	2	1	4	10	25	3	4	4	2	1	2	2	4.230000e+00	5.423000e+02	1542	1	1
65	1	71	2	1	5	49	15	5	3	3	2	1	2	2	3.720000e+00	5.460200e+02	3350	1	1
65	1	72	2	2	1	48	44	3	5	5	2	1	1	1	1.980000e+00	548	1948	0	1
65	1	73	2	2	2	21	18	3	5	3	1	1	2	2	3.800000e+00	5.518000e+02	6684	1	2
65	1	74	2	1	1	6	40	4	3	3	2	1	2	2	3.960000e+00	5.557600e+02	5446	1	2
65	1	75	2	1	2	46	9	5	3	3	2	1	2	2	4.720000e+00	5.604800e+02	1401	1	1
65	1	76	2	1	3	37	54	2	3	3	2	1	2	2	3.710000e+00	5.641900e+02	4134	1	1
65	1	77	2	2	1	29	28	3	2	2	2	1	1	1	1.840000e+00	5.660300e+02	4822	0	1
65	1	78	2	2	2	48	20	2	3	2	1	1	2	2	4.220000e+00	5.702500e+02	7419	1	2
65	1	79	2	2	3	50	39	3	4	3	1	1	2	2	3.570000e+00	5.738200e+02	1872	1	1
65	1	80	2	2	4	29	13	4	3	4	1	1	2	2	4.020000e+00	5.778400e+02	3690	1	1
65	1	81	2	2	5	33	31	3	5	3	1	1	2	2	3.700000e+00	5.815400e+02	4076	1	1
65	1	82	2	2	6	26	33	5	4	5	1	1	2	2	4.250000e+00	5.857900e+02	9711	1	1
65	1	83	2	1	1	44	5	4	5	5	2	1	2	2	4.260000e+00	5.900500e+02	3152	1	2
65	1	84	2	1	2	4	28	5	4	4	2	1	2	2	3.900000e+00	5.939500e+02	1648	1	1
65	1	1	3	2	1	45	19	5	4	5	1	1	2	2	3.030000e+00	5.969800e+02	5076	1	NaN
65	1	2	3	2	2	37	38	4	5	5	2	1	1	1	2.020000e+00	599	3831	0	2
65	1	3	3	1	1	17	20	2	5	5	2	1	2	2	4.750000e+00	6.037500e+02	4419	1	1
65	1	4	3	1	2	40	39	5	3	3	2	1	2	2	4.480000e+00	6.082300e+02	5856	1	1
65	1	5	3	1	3	8	11	3	4	4	2	1	2	2	3.260000e+00	6.114900e+02	2403	1	1
65	1	6	3	2	1	10	3	3	4	3	1	1	2	2	3.960000e+00	6.154500e+02	8496	1	2
65	1	7	3	2	2	37	34	2	3	2	1	1	2	2	3.680000e+00	6.191300e+02	3681	1	1
65	1	8	3	2	3	30	49	4	2	4	1	1	2	2	3.520000e+00	6.226500e+02	5684	1	1
65	1	9	3	2	4	37	15	4	3	4	1	1	2	2	3.420000e+00	6.260700e+02	4845	1	1
65	1	10	3	1	1	31	4	4	5	5	2	1	2	2	4.140000e+00	6.302100e+02	2569	1	2
65	1	11	3	1	2	48	22	4	3	3	2	1	2	2	3.800000e+00	6.340100e+02	2200	1	1
65	1	12	3	1	3	52	45	2	4	4	2	1	2	2	4.030000e+00	6.380400e+02	4453	1	1
65	1	13	3	1	4	48	16	2	3	3	2	1	2	2	3.830000e+00	6.418700e+02	2769	1	1
65	1	14	3	1	5	33	37	2	5	5	2	1	2	2	3.780000e+00	6.456500e+02	1919	1	1
65	1	15	3	1	6	41	21	3	4	4	2	1	2	2	4.170000e+00	6.498200e+02	3944	1	1
65	1	16	3	2	1	23	38	2	5	2	1	1	2	2	4.340000e+00	6.541600e+02	2984	1	2
65	1	17	3	2	2	18	19	4	3	4	1	1	2	2	5	6.591600e+02	1710	1	1
65	1	18	3	2	3	11	44	4	3	4	1	1	2	2	3.360000e+00	6.625200e+02	1503	1	1
65	1	19	3	2	4	11	52	2	5	5	2	1	1	1	1.880000e+00	6.644000e+02	3913	0	2
65	1	20	3	2	5	47	24	2	4	2	1	1	2	2	4.490000e+00	6.688900e+02	2785	1	2
65	1	21	3	2	6	21	2	2	3	2	1	1	2	2	3.820000e+00	6.727100e+02	2863	1	1
65	1	22	3	1	1	35	16	5	4	4	2	1	2	2	3.350000e+00	6.760600e+02	4401	1	2
65	1	23	3	1	2	28	9	4	5	5	2	1	2	2	4.150000e+00	6.802100e+02	927	1	1
65	1	24	3	2	1	26	34	4	5	4	1	1	2	2	4.730000e+00	6.849400e+02	11615	1	2
65	1	25	3	2	2	3	52	4	5	4	1	1	2	2	4.330000e+00	6.892700e+02	2843	1	1
65	1	26	3	2	3	30	26	5	4	5	1	1	2	2	4.920000e+00	6.941900e+02	3623	1	1
65	1	27	3	1	1	7	44	3	2	2	2	1	2	2	4.240000e+00	6.984300e+02	4835	1	2
65	1	28	3	1	2	30	39	3	5	5	2	1	2	2	4.880000e+00	7.033100e+02	2599	1	1
65	1	29	3	1	3	41	23	3	2	2	2	1	2	2	3.840000e+00	7.071500e+02	4916	1	1
65	1	30	3	1	4	53	28	4	2	2	2	1	2	2	3.460000e+00	7.106100e+02	2669	1	1
65	1	31	3	2	1	9	50	5	3	3	2	1	1	1	1.980000e+00	7.125900e+02	8664	0	1
65	1	32	3	1	1	10	45	3	5	5	2	1	2	2	4.560000e+00	7.171500e+02	2267	1	1
65	1	33	3	1	2	39	52	5	4	4	2	1	2	2	3.470000e+00	7.206200e+02	5125	1	1
65	1	34	3	1	3	7	45	5	3	3	2	1	2	2	4.300000e+00	7.249200e+02	3453	1	1
65	1	35	3	1	4	26	4	2	3	3	2	1	2	2	3.720000e+00	7.286400e+02	3657	1	1
65	1	36	3	1	5	24	34	3	4	3	1	1	1	1	2.060000e+00	7.307000e+02	6132	0	2
65	1	37	3	2	1	29	20	3	5	3	1	1	2	2	3.480000e+00	7.341800e+02	3099	1	1
65	1	38	3	2	2	21	34	5	3	5	1	1	2	2	4.040000e+00	7.382200e+02	3180	1	1
65	1	39	3	2	3	37	50	5	4	4	2	1	1	1	1.760000e+00	7.399800e+02	2105	0	2
65	1	40	3	2	4	46	40	3	5	3	1	1	2	2	3.770000e+00	7.437500e+02	2899	1	2
65	1	41	3	2	5	23	15	4	3	4	1	1	2	2	4.220000e+00	7.479700e+02	1412	1	1
65	1	42	3	1	1	8	20	5	2	2	2	1	2	2	3.850000e+00	7.518200e+02	3258	1	2
65	1	43	3	2	1	38	36	4	3	4	1	1	2	2	4.580000e+00	7.564000e+02	3277	1	2
65	1	44	3	2	2	9	8	4	2	4	1	1	2	2	3.700000e+00	7.601000e+02	1663	1	1
65	1	45	3	2	3	7	37	3	5	3	1	1	2	2	2.900000e+00	763	2154	1	1
65	1	46	3	1	1	23	48	4	2	2	2	1	2	2	3.420000e+00	7.664200e+02	6386	1	2
65	1	47	3	1	2	16	36	3	2	2	2	1	2	2	4.500000e+00	7.709200e+02	3776	1	1
65	1	48	3	1	3	15	21	5	2	2	2	1	2	2	3.950000e+00	7.748700e+02	1927	1	1
65	1	49	3	1	4	22	21	3	4	4	2	1	2	2	4.180000e+00	7.790500e+02	1975	1	1
65	1	50	3	2	1	22	5	5	3	3	2	1	1	1	2.110000e+00	7.811600e+02	3886	0	1
65	1	51	3	2	2	51	29	2	4	4	2	1	1	1	1.750000e+00	7.829100e+02	5135	0	1
65	1	52	3	2	3	23	26	3	2	3	1	1	2	2	3.700000e+00	7.866100e+02	3832	1	2
65	1	53	3	2	4	30	8	5	2	2	2	1	1	1	1.920000e+00	7.885300e+02	1244	0	2
65	1	54	3	2	5	23	30	2	3	2	1	1	2	2	3.520000e+00	7.920500e+02	1688	1	2
65	1	55	3	1	1	13	24	3	5	3	1	1	1	1	1.980000e+00	7.940300e+02	4298	0	1
65	1	56	3	1	2	4	19	2	5	2	1	1	1	1	2.180000e+00	7.962100e+02	4643	0	1
65	1	57	3	1	3	15	35	3	4	3	1	1	1	1	2	7.982100e+02	4583	0	1
65	1	58	3	1	4	8	19	4	2	2	2	1	2	2	4.580000e+00	8.027900e+02	10525	1	2
65	1	59	3	1	5	28	16	3	2	2	2	1	2	2	3.670000e+00	8.064600e+02	4405	1	1
65	1	60	3	2	1	46	12	3	5	3	1	1	2	2	4	8.104600e+02	4563	1	2
65	1	61	3	2	2	42	23	2	5	5	2	1	1	1	1.910000e+00	8.123700e+02	10113	0	2
65	1	62	3	2	3	12	3	4	5	4	1	1	2	2	4.280000e+00	8.166500e+02	4042	1	2
65	1	63	3	2	4	12	52	5	2	5	1	1	2	2	3.880000e+00	8.205300e+02	4526	1	1
65	1	64	3	2	5	53	12	2	5	2	1	1	2	2	4.230000e+00	8.247600e+02	5638	1	1
65	1	65	3	2	6	19	50	2	4	2	1	1	2	2	4.310000e+00	8.290700e+02	3051	1	1
65	1	66	3	1	1	18	47	2	4	4	2	1	2	2	3.960000e+00	8.330300e+02	2341	1	2
65	1	67	3	1	2	7	3	2	4	4	2	1	2	2	4.420000e+00	8.374500e+02	1781	1	1
65	1	68	3	2	1	43	14	5	2	5	1	1	2	2	5.090000e+00	8.425400e+02	9035	1	2
65	1	69	3	2	2	21	36	5	4	5	1	1	2	2	4.250000e+00	8.467900e+02	1751	1	1
65	1	70	3	1	1	23	18	2	4	4	2	1	2	2	3.990000e+00	8.507800e+02	2998	1	2
65	1	71	3	1	2	27	21	5	3	3	2	1	2	2	4.430000e+00	8.552100e+02	3868	1	1
65	1	72	3	1	3	37	28	4	2	2	2	1	2	2	4.030000e+00	8.592400e+02	1958	1	1
65	1	73	3	1	4	54	41	5	2	2	2	1	2	2	3.480000e+00	8.627200e+02	2382	1	1
65	1	74	3	1	5	41	40	3	2	2	2	1	2	2	4.230000e+00	8.669500e+02	1571	1	1
65	1	75	3	1	6	40	44	3	2	2	2	1	2	2	4	8.709500e+02	2194	1	1
65	1	76	3	2	1	30	54	5	3	5	1	1	2	2	3.870000e+00	8.748200e+02	8248	1	2
65	1	77	3	2	2	50	29	3	4	4	2	1	1	1	2.150000e+00	8.769700e+02	2139	0	2
65	1	78	3	2	3	39	1	4	5	4	1	1	2	2	4.880000e+00	8.818500e+02	4453	1	2
65	1	79	3	2	4	37	40	5	4	5	1	1	2	2	3.750000e+00	8.856000e+02	5199	1	1
65	1	80	3	1	1	21	7	2	3	3	2	1	2	2	4.050000e+00	8.896500e+02	2812	1	2
65	1	81	3	1	2	50	23	5	2	2	2	1	2	2	3.620000e+00	8.932700e+02	1522	1	1
65	1	82	3	1	3	32	14	4	2	2	2	1	2	2	4.320000e+00	8.975900e+02	3106	1	1
65	1	83	3	2	1	47	38	4	3	4	1	1	2	2	2.890000e+00	9.004800e+02	3804	1	2
65	1	84	3	1	1	33	5	2	3	3	2	1	2	2	4.470000e+00	9.049500e+02	8489	1	2
65	1	1	4	2	1	6	38	3	4	3	1	1	2	2	4.100000e+00	9.090500e+02	4826	1	NaN
65	1	2	4	2	2	31	37	4	5	3	0	0	0	0	0	9.090500e+02	4118	NaN	NaN
65	1	3	4	1	1	23	43	2	4	2	1	1	1	1	2.030000e+00	9.110800e+02	2195	0	NaN
65	1	4	4	1	2	42	47	3	2	3	1	1	1	1	2.140000e+00	9.132200e+02	2217	0	1
65	1	5	4	1	3	4	10	2	5	5	2	1	2	2	3.870000e+00	9.170900e+02	2086	1	2
65	1	6	4	1	4	21	12	4	5	5	2	1	2	2	3.940000e+00	9.210300e+02	1728	1	1
65	1	7	4	2	1	54	3	4	3	4	1	1	2	2	3.400000e+00	9.244300e+02	4433	1	2
65	1	8	4	2	2	34	46	5	2	5	1	1	2	2	3.220000e+00	9.276500e+02	2748	1	1
65	1	9	4	2	3	51	17	2	4	2	1	1	2	2	3.670000e+00	9.313200e+02	5643	1	1
65	1	10	4	1	1	15	18	3	5	5	2	1	2	2	4.130000e+00	9.354500e+02	4647	1	2
65	1	11	4	1	2	27	45	5	3	3	2	1	2	2	3.740000e+00	9.391900e+02	4706	1	1
65	1	12	4	1	3	39	1	5	4	4	2	1	2	2	3.370000e+00	9.425600e+02	3468	1	1
65	1	13	4	1	4	1	22	4	3	3	2	1	2	2	4.510000e+00	9.470700e+02	4046	1	1
65	1	14	4	1	5	1	14	2	4	4	2	1	2	2	3.660000e+00	9.507300e+02	3482	1	1
65	1	15	4	1	6	50	42	5	2	2	2	1	2	2	3.990000e+00	9.547200e+02	2820	1	1
65	1	16	4	2	1	17	22	3	2	2	2	1	1	1	2	9.567200e+02	6601	0	1
65	1	17	4	2	2	6	44	2	5	5	2	1	1	1	1.970000e+00	9.586900e+02	11838	0	1
65	1	18	4	2	3	22	14	4	2	2	2	1	1	1	2.050000e+00	9.607400e+02	3930	0	1
65	1	19	4	2	4	10	52	5	2	2	2	1	1	1	1.970000e+00	9.627100e+02	1498	0	1
65	1	20	4	1	1	37	25	5	4	4	2	1	2	2	3.220000e+00	9.659300e+02	3939	1	1
65	1	21	4	1	2	11	44	4	5	5	2	1	2	2	3.520000e+00	9.694500e+02	1539	1	1
65	1	22	4	2	1	24	5	5	3	5	1	1	2	2	4.110000e+00	9.735600e+02	1747	1	2
65	1	23	4	2	2	38	52	3	4	4	2	1	1	1	1.850000e+00	9.754100e+02	3498	0	2
65	1	24	4	2	3	23	6	2	3	2	1	1	2	2	3.840000e+00	9.792500e+02	2597	1	2
65	1	25	4	2	4	32	26	3	5	3	1	1	2	2	3.560000e+00	9.828100e+02	5793	1	1
65	1	26	4	2	5	27	30	3	2	3	1	1	2	2	3.450000e+00	9.862600e+02	2367	1	1
65	1	27	4	1	1	16	49	4	2	2	2	1	2	2	3.520000e+00	9.897800e+02	2598	1	2
65	1	28	4	2	1	15	37	3	4	3	1	1	2	2	3.810000e+00	9.935900e+02	4771	1	2
65	1	29	4	1	1	51	16	3	5	5	2	1	2	2	4.080000e+00	9.976700e+02	4162	1	2
65	1	30	4	1	2	48	7	4	2	2	2	1	2	2	3.950000e+00	1.001620e+03	3009	1	1
65	1	31	4	1	3	26	51	2	3	3	2	1	2	2	4.500000e+00	1.006120e+03	3046	1	1
65	1	32	4	2	1	5	20	3	2	2	2	1	1	1	1.970000e+00	1.008090e+03	2762	0	1
65	1	33	4	2	2	35	13	3	5	5	2	1	1	1	1.820000e+00	1.009910e+03	2441	0	1
65	1	34	4	2	3	18	12	4	3	4	1	1	2	2	4	1.013910e+03	3565	1	2
65	1	35	4	2	4	24	42	5	3	5	1	1	2	2	4.030000e+00	1.017940e+03	6619	1	1
65	1	36	4	2	5	20	14	4	3	3	2	1	1	1	2.040000e+00	1.019980e+03	4529	0	2
65	1	37	4	2	6	51	42	3	2	2	2	1	1	1	2.060000e+00	1.022040e+03	4145	0	1
65	1	38	4	1	1	12	45	2	5	5	2	1	2	2	4.600000e+00	1.026640e+03	2137	1	1
65	1	39	4	1	2	44	52	2	4	4	2	1	2	2	3.740000e+00	1.030380e+03	5146	1	1
65	1	40	4	1	3	39	52	3	4	4	2	1	2	2	4.120000e+00	1.034500e+03	3608	1	1
65	1	41	4	1	4	22	14	5	2	2	2	1	2	2	3.990000e+00	1.038490e+03	4782	1	1
65	1	42	4	1	5	25	54	2	5	5	2	1	2	2	3.730000e+00	1.042220e+03	3995	1	1
65	1	43	4	2	1	6	47	2	3	2	1	1	2	2	5.010000e+00	1.047230e+03	6490	1	2
65	1	44	4	2	2	31	20	5	3	5	1	1	2	2	3.880000e+00	1.051110e+03	5691	1	1
65	1	45	4	2	3	18	28	2	4	2	1	1	2	2	3.340000e+00	1.054450e+03	2574	1	1
65	1	46	4	2	4	9	37	5	3	5	1	1	2	2	4.830000e+00	1.059280e+03	964	1	1
65	1	47	4	2	5	6	49	4	5	4	1	1	2	2	4.150000e+00	1.063430e+03	2483	1	1
65	1	48	4	2	6	15	44	2	3	2	1	1	2	2	3.470000e+00	1.066900e+03	3765	1	1
65	1	49	4	1	1	18	30	4	3	3	2	1	2	2	4.290000e+00	1.071190e+03	2940	1	2
65	1	50	4	1	2	14	29	5	4	4	2	1	2	2	4.600000e+00	1.075790e+03	4724	1	1
65	1	51	4	1	3	3	17	4	5	5	2	1	2	2	3.580000e+00	1.079370e+03	2796	1	1
65	1	52	4	2	1	53	25	5	4	4	2	1	1	1	2.020000e+00	1.081390e+03	5434	0	1
65	1	53	4	2	2	28	54	3	5	5	2	1	1	1	1.980000e+00	1.083370e+03	4446	0	1
65	1	54	4	1	1	10	14	4	2	2	2	1	2	2	3.450000e+00	1.086820e+03	4961	1	1
65	1	55	4	1	2	52	46	3	4	4	2	1	2	2	4.560000e+00	1.091380e+03	2736	1	1
65	1	56	4	1	3	52	25	5	4	4	2	1	2	2	3.990000e+00	1.095370e+03	3160	1	1
65	1	57	4	1	4	46	23	3	2	2	2	1	2	2	4.250000e+00	1.099620e+03	3471	1	1
65	1	58	4	2	1	1	14	3	2	3	1	1	2	2	3.660000e+00	1.103280e+03	1985	1	2
65	1	59	4	1	1	5	44	4	3	3	2	1	2	2	3.690000e+00	1.106970e+03	3536	1	2
65	1	60	4	1	2	54	8	2	3	3	2	1	2	2	4.150000e+00	1.111120e+03	1263	1	1
65	1	61	4	1	3	29	11	4	2	2	2	1	2	2	4.050000e+00	1.115170e+03	4451	1	1
65	1	62	4	1	4	40	7	5	3	3	2	1	2	2	4.870000e+00	1.120040e+03	2709	1	1
65	1	63	4	1	5	24	9	2	5	5	2	1	2	2	3.870000e+00	1.123910e+03	911	1	1
65	1	64	4	1	6	46	37	5	3	3	2	1	2	2	5.040000e+00	1.128950e+03	5856	1	1
65	1	65	4	2	1	24	27	5	4	4	2	1	1	1	2.180000e+00	1.131130e+03	1595	0	1
65	1	66	4	2	2	19	28	2	3	2	1	1	2	2	3.080000e+00	1.134210e+03	5209	1	2
65	1	67	4	2	3	2	5	4	2	2	2	1	1	1	1.800000e+00	1.136010e+03	1758	0	2
65	1	68	4	2	4	18	15	3	4	4	2	1	1	1	1.930000e+00	1.137940e+03	5046	0	1
65	1	69	4	1	1	36	10	2	5	2	1	1	1	1	1.980000e+00	1.139920e+03	4185	0	2
65	1	70	4	2	1	19	23	4	3	4	1	1	2	2	4	1.143920e+03	4047	1	1
65	1	71	4	2	2	37	36	2	3	2	1	1	2	2	4.390000e+00	1.148310e+03	2027	1	1
65	1	72	4	2	3	16	1	3	4	4	2	1	1	1	1.910000e+00	1.150220e+03	13063	0	2
65	1	73	4	1	1	30	7	5	2	2	2	1	2	2	3.660000e+00	1.153880e+03	1690	1	1
65	1	74	4	1	2	17	52	4	2	2	2	1	2	2	3.910000e+00	1.157790e+03	4588	1	1
65	1	75	4	2	1	41	36	5	4	4	2	1	1	1	2	1.159790e+03	10426	0	1
65	1	76	4	2	2	40	41	5	2	2	2	1	1	1	2.030000e+00	1.161820e+03	7774	0	1
65	1	77	4	2	3	21	39	3	5	3	1	1	2	2	4.500000e+00	1.166320e+03	6517	1	2
65	1	78	4	2	4	30	48	5	2	2	2	1	1	1	2.070000e+00	1.168390e+03	4462	0	2
65	1	79	4	2	5	54	39	3	5	5	2	1	1	1	1.790000e+00	1.170180e+03	3464	0	1
65	1	80	4	1	1	6	49	2	4	4	2	1	2	2	4.330000e+00	1.174510e+03	4051	1	1
65	1	81	4	1	2	5	37	4	5	4	1	1	1	1	2.100000e+00	1.176610e+03	2247	0	2
65	1	82	4	1	3	20	17	4	5	5	2	1	2	2	4.300000e+00	1.180910e+03	3130	1	2
65	1	83	4	1	4	47	45	2	4	4	2	1	2	2	4.620000e+00	1.185530e+03	4666	1	1
65	1	84	4	1	5	26	3	2	5	2	1	1	1	1	2.040000e+00	1.187570e+03	4156	0	2
