LEDISAS2	Code = 7	
SubNo	Group(1=OHRHV,SLRLV; 2=OHRLV,SLRHV; 3=OLRHV,SHRLV, 4 = OLRLV,SHRHV)	Block_trial	Block	VarDist_cond	Run_number	Targ1_position	Targ2_position	Red_targ_digit	Blue_targ_digit	Response	Targ_Choice	Acc	RewardOutcome(0=inaccurate;1=lowReward;2=highReward)	VarianceOutcome(0=inaccurate; 1=lowVariance; 2=highVariance)	OutcomeValue	Points	RT	Optimal_Choice	Repeat_Switch
7	3	1	0	2	1	42	47	3	4	4	2	1	NaN	NaN	0	0	6511	0	NaN
7	3	2	0	2	2	16	6	4	5	5	2	1	NaN	NaN	0	0	3904	0	1
7	3	3	0	1	1	49	19	5	3	4	0	0	NaN	NaN	0	0	2225	NaN	NaN
7	3	4	0	2	1	6	25	5	2	3	0	0	NaN	NaN	0	0	4763	NaN	NaN
7	3	5	0	2	2	2	17	3	4	5	0	0	NaN	NaN	0	0	4229	NaN	NaN
7	3	6	0	2	3	45	51	3	4	3	1	1	NaN	NaN	0	0	14773	1	NaN
7	3	7	0	1	1	19	42	2	4	4	2	1	NaN	NaN	0	0	2931	1	2
7	3	8	0	1	2	51	11	3	4	4	2	1	NaN	NaN	0	0	2515	1	1
7	3	9	0	2	1	34	47	2	4	4	2	1	NaN	NaN	0	0	4468	0	1
7	3	10	0	2	2	42	23	3	5	3	1	1	NaN	NaN	0	0	1534	1	2
7	3	1	1	2	1	48	4	4	5	4	1	1	1	2	2.470000e+00	2.470000e+00	10653	1	NaN
7	3	2	1	2	2	28	12	2	4	2	1	1	1	2	2.100000e+00	4.570000e+00	7576	1	1
7	3	3	1	1	1	46	5	2	5	2	1	1	2	1	4.030000e+00	8.600000e+00	8790	0	1
7	3	4	1	2	1	45	30	5	2	2	2	1	2	1	4.140000e+00	1.274000e+01	3853	0	2
7	3	5	1	2	2	2	28	5	2	2	2	1	2	1	3.970000e+00	1.671000e+01	1072	0	1
7	3	6	1	2	3	8	43	3	2	2	2	1	2	1	3.980000e+00	2.069000e+01	3051	0	1
7	3	7	1	1	1	43	12	3	5	3	1	1	2	1	3.850000e+00	2.454000e+01	2141	0	2
7	3	8	1	1	2	2	46	2	3	2	1	1	2	1	3.800000e+00	2.834000e+01	1741	0	1
7	3	9	1	2	1	18	26	3	5	3	1	1	1	2	1.670000e+00	3.001000e+01	2790	1	1
7	3	10	1	2	2	52	36	3	4	5	0	0	0	0	0	3.001000e+01	4556	NaN	NaN
7	3	11	1	2	3	31	14	2	5	2	1	1	1	2	2.130000e+00	3.214000e+01	2783	1	NaN
7	3	12	1	2	4	25	7	4	2	2	2	1	2	1	3.940000e+00	3.608000e+01	2590	0	2
7	3	13	1	2	5	42	45	5	4	5	1	1	1	2	1.370000e+00	3.745000e+01	1580	1	2
7	3	14	1	2	6	32	26	5	2	2	2	1	2	1	4.130000e+00	4.158000e+01	978	0	2
7	3	15	1	1	1	42	2	5	3	5	1	1	2	1	3.920000e+00	4.550000e+01	1408	0	2
7	3	16	1	1	2	2	32	2	5	2	1	1	2	1	4	4.950000e+01	1133	0	1
7	3	17	1	1	3	30	11	3	5	3	1	1	2	1	4	5.350000e+01	1085	0	1
7	3	18	1	1	4	20	47	3	5	3	1	1	2	1	3.970000e+00	5.747000e+01	4167	0	1
7	3	19	1	1	5	10	19	3	4	3	1	1	2	1	4.050000e+00	6.152000e+01	1438	0	1
7	3	20	1	2	1	15	33	3	2	3	1	1	1	2	1.880000e+00	6.340000e+01	2113	1	1
7	3	21	1	1	1	45	24	3	2	3	1	1	2	1	3.800000e+00	6.720000e+01	2890	0	1
7	3	22	1	1	2	53	35	2	3	3	2	1	1	2	1.520000e+00	6.872000e+01	3668	1	2
7	3	23	1	1	3	29	41	4	2	2	2	1	1	2	2.110000e+00	7.083000e+01	8191	1	1
7	3	24	1	1	4	5	18	5	4	4	2	1	1	2	1.410000e+00	7.224000e+01	4245	1	1
7	3	25	1	2	1	46	26	2	4	4	2	1	2	1	3.960000e+00	7.620000e+01	2289	0	1
7	3	26	1	2	2	27	16	2	3	2	1	1	1	2	1.560000e+00	7.776000e+01	1987	1	2
7	3	27	1	2	3	49	20	4	3	3	2	1	2	1	3.860000e+00	8.162000e+01	3961	0	2
7	3	28	1	2	4	54	33	5	3	3	2	1	2	1	3.880000e+00	8.550000e+01	2696	0	1
7	3	29	1	1	1	3	39	3	4	3	1	1	2	1	3.950000e+00	8.945000e+01	3386	0	2
7	3	30	1	1	2	45	20	2	4	2	1	1	2	1	4.020000e+00	9.347000e+01	2800	0	1
7	3	31	1	1	3	42	50	2	3	2	1	1	2	1	3.990000e+00	9.746000e+01	1060	0	1
7	3	32	1	1	4	9	32	4	2	2	2	1	1	2	2.500000e+00	9.996000e+01	5464	1	2
7	3	33	1	1	5	35	38	5	4	5	1	1	2	1	3.970000e+00	1.039300e+02	7475	0	2
7	3	34	1	1	6	21	52	4	5	4	1	1	2	1	3.820000e+00	1.077500e+02	5013	0	1
7	3	35	1	2	1	51	23	2	4	4	2	1	2	1	4	1.117500e+02	1690	0	2
7	3	36	1	2	2	36	17	3	2	3	1	1	1	2	2.030000e+00	1.137800e+02	3612	1	2
7	3	37	1	2	3	24	16	5	3	3	2	1	2	1	4.040000e+00	1.178200e+02	1585	0	2
7	3	38	1	2	4	32	54	2	3	3	2	1	2	1	4.060000e+00	1.218800e+02	1663	0	1
7	3	39	1	2	5	8	35	4	5	5	2	1	2	1	4.150000e+00	1.260300e+02	1834	0	1
7	3	40	1	1	1	43	44	5	3	5	1	1	2	1	3.940000e+00	1.299700e+02	1942	0	2
7	3	41	1	1	2	27	35	4	5	5	2	1	1	2	2.120000e+00	1.320900e+02	3774	1	2
7	3	42	1	1	3	36	39	5	4	5	1	1	2	1	4	1.360900e+02	4109	0	2
7	3	43	1	2	1	2	18	3	2	2	2	1	2	1	3.930000e+00	1.400200e+02	3726	0	2
7	3	44	1	2	2	41	31	5	3	5	1	1	1	2	3.010000e+00	1.430300e+02	2830	1	2
7	3	45	1	2	3	27	31	4	2	2	2	1	2	1	3.970000e+00	147	3122	0	2
7	3	46	1	2	4	28	47	2	3	2	1	1	1	2	1.340000e+00	1.483400e+02	4754	1	2
7	3	47	1	2	5	9	25	5	2	2	2	1	2	1	4.210000e+00	1.525500e+02	3434	0	2
7	3	48	1	1	1	26	47	4	3	4	1	1	2	1	4.040000e+00	1.565900e+02	2829	0	2
7	3	49	1	1	2	31	27	2	5	2	1	1	2	1	3.870000e+00	1.604600e+02	3129	0	1
7	3	50	1	2	1	22	44	3	4	4	2	1	2	1	4.070000e+00	1.645300e+02	2938	0	2
7	3	51	1	2	2	18	22	3	5	3	1	1	1	2	2.600000e+00	1.671300e+02	6057	1	2
7	3	52	1	2	3	29	27	5	3	5	1	1	1	2	1.580000e+00	1.687100e+02	1525	1	1
7	3	53	1	2	4	10	6	3	5	5	2	1	2	1	4.020000e+00	1.727300e+02	2589	0	2
7	3	54	1	1	1	50	37	4	3	4	1	1	2	1	3.980000e+00	1.767100e+02	2219	0	2
7	3	55	1	1	2	37	39	4	2	2	2	1	1	2	1.450000e+00	1.781600e+02	5399	1	2
7	3	56	1	1	3	44	25	5	2	2	2	1	1	2	2.560000e+00	1.807200e+02	2963	1	1
7	3	57	1	1	4	33	43	3	2	3	1	1	2	1	4	1.847200e+02	4858	0	2
7	3	58	1	2	1	23	15	3	4	3	1	1	1	2	2.250000e+00	1.869700e+02	3917	1	1
7	3	59	1	2	2	46	52	2	4	4	2	1	2	1	3.920000e+00	1.908900e+02	4070	0	2
7	3	60	1	1	1	20	37	5	2	5	1	1	2	1	3.920000e+00	1.948100e+02	1344	0	2
7	3	61	1	1	2	26	33	2	5	2	1	1	2	1	4.040000e+00	1.988500e+02	3832	0	1
7	3	62	1	1	3	32	3	3	2	3	1	1	2	1	4.010000e+00	2.028600e+02	3724	0	1
7	3	63	1	1	4	45	6	5	4	5	1	1	2	1	4.220000e+00	2.070800e+02	3277	0	1
7	3	64	1	1	5	5	14	2	5	2	1	1	2	1	3.970000e+00	2.110500e+02	1447	0	1
7	3	65	1	1	6	51	46	2	5	2	1	1	2	1	4.260000e+00	2.153100e+02	3883	0	1
7	3	66	1	2	1	26	37	3	4	3	1	1	1	2	2.710000e+00	2.180200e+02	1076	1	1
7	3	67	1	2	2	5	49	5	2	2	2	1	2	1	3.770000e+00	2.217900e+02	2334	0	2
7	3	68	1	2	3	20	15	5	4	4	2	1	2	1	3.800000e+00	2.255900e+02	3758	0	1
7	3	69	1	1	1	11	33	3	4	3	1	1	2	1	3.930000e+00	2.295200e+02	1318	0	2
7	3	70	1	2	1	32	3	4	2	2	2	1	2	1	3.980000e+00	2.335000e+02	1199	0	2
7	3	71	1	1	1	8	14	4	2	4	1	1	2	1	4	2.375000e+02	3155	0	2
7	3	72	1	1	2	29	41	4	3	4	1	1	2	1	4.100000e+00	2.416000e+02	3570	0	1
7	3	73	1	1	3	37	50	2	3	3	2	1	1	2	1.660000e+00	2.432600e+02	1705	1	2
7	3	74	1	1	4	8	51	4	5	4	1	1	2	1	3.910000e+00	2.471700e+02	1483	0	2
7	3	75	1	1	5	5	8	5	3	3	2	1	1	2	1.910000e+00	2.490800e+02	1860	1	2
7	3	76	1	2	1	24	1	4	5	4	1	1	1	2	1.990000e+00	2.510700e+02	5048	1	2
7	3	77	1	2	2	12	30	3	5	5	2	1	2	1	4.030000e+00	2.551000e+02	2619	0	2
7	3	78	1	2	3	6	15	2	4	2	1	1	1	2	2.500000e+00	2.576000e+02	2344	1	2
7	3	79	1	2	4	10	43	4	5	5	2	1	2	1	4.070000e+00	2.616700e+02	4368	0	2
7	3	80	1	2	5	5	30	2	4	4	2	1	2	1	3.790000e+00	2.654600e+02	2806	0	1
7	3	81	1	2	6	38	29	4	3	3	2	1	2	1	4.080000e+00	2.695400e+02	4516	0	1
7	3	82	1	1	1	9	43	5	4	4	2	1	1	2	2.380000e+00	2.719200e+02	4316	1	1
7	3	83	1	1	2	30	47	4	3	4	1	1	2	1	4.070000e+00	2.759900e+02	3277	0	2
7	3	84	1	1	3	38	43	4	3	4	1	1	2	1	4.150000e+00	2.801400e+02	2383	0	1
7	3	1	2	1	1	23	51	5	4	4	2	1	1	2	2.150000e+00	2.822900e+02	5124	1	NaN
7	3	2	2	1	2	4	26	2	5	5	2	1	1	2	1.680000e+00	2.839700e+02	5605	1	1
7	3	3	2	1	3	13	22	2	3	2	1	1	2	1	3.980000e+00	2.879500e+02	4041	0	2
7	3	4	2	1	4	10	15	5	4	4	2	1	1	2	8.500000e-01	2.888000e+02	3309	1	2
7	3	5	2	1	5	48	37	2	4	2	1	1	2	1	4.060000e+00	2.928600e+02	3014	0	2
7	3	6	2	1	6	5	33	3	2	3	1	1	2	1	4.010000e+00	2.968700e+02	2035	0	1
7	3	7	2	2	1	27	6	4	3	3	2	1	2	1	3.930000e+00	3.008000e+02	1935	0	2
7	3	8	2	2	2	13	17	4	3	4	1	1	1	2	1.690000e+00	3.024900e+02	4823	1	2
7	3	9	2	2	3	9	38	2	4	4	2	1	2	1	3.870000e+00	3.063600e+02	3508	0	2
7	3	10	2	2	4	25	5	2	3	3	2	1	2	1	3.990000e+00	3.103500e+02	2709	0	1
7	3	11	2	1	1	15	35	2	4	2	1	1	2	1	4.040000e+00	3.143900e+02	1647	0	2
7	3	12	2	2	1	14	31	4	3	4	1	1	1	2	1.840000e+00	3.162300e+02	1297	1	1
7	3	13	2	2	2	16	24	3	5	5	2	1	2	1	3.940000e+00	3.201700e+02	4067	0	2
7	3	14	2	2	3	41	40	2	5	5	2	1	2	1	4	3.241700e+02	6557	0	1
7	3	15	2	2	4	53	25	3	2	2	2	1	2	1	3.980000e+00	3.281500e+02	3012	0	1
7	3	16	2	2	5	32	49	2	4	4	2	1	2	1	3.890000e+00	3.320400e+02	1329	0	1
7	3	17	2	2	6	44	21	3	5	5	2	1	2	1	4.150000e+00	3.361900e+02	2682	0	1
7	3	18	2	1	1	15	44	4	2	4	1	1	2	1	4.050000e+00	3.402400e+02	1340	0	2
7	3	19	2	1	2	24	7	2	5	2	1	1	2	1	4.150000e+00	3.443900e+02	4187	0	1
7	3	20	2	2	1	8	43	5	3	5	1	1	1	2	1.770000e+00	3.461600e+02	1026	1	1
7	3	21	2	1	1	26	37	2	3	3	2	1	1	2	1.470000e+00	3.476300e+02	4198	1	2
7	3	22	2	1	2	18	6	5	2	5	1	1	2	1	4.100000e+00	3.517300e+02	9236	0	2
7	3	23	2	1	3	52	39	4	3	3	2	1	1	2	2.020000e+00	3.537500e+02	3840	1	2
7	3	24	2	1	4	40	28	5	3	3	2	1	1	2	1.640000e+00	3.553900e+02	2156	1	1
7	3	25	2	2	1	22	48	3	4	4	2	1	2	1	3.990000e+00	3.593800e+02	4795	0	1
7	3	26	2	2	2	49	7	5	2	2	2	1	2	1	3.760000e+00	3.631400e+02	1809	0	1
7	3	27	2	2	3	3	22	2	5	5	2	1	2	1	4.130000e+00	3.672700e+02	1302	0	1
7	3	28	2	1	1	19	37	5	4	4	2	1	1	2	1.540000e+00	3.688100e+02	4471	1	1
7	3	29	2	1	2	42	43	3	2	3	1	1	2	1	3.920000e+00	3.727300e+02	1946	0	2
7	3	30	2	1	3	24	21	4	3	4	1	1	2	1	4.160000e+00	3.768900e+02	5913	0	1
7	3	31	2	2	1	43	53	4	2	4	1	1	1	2	1.570000e+00	3.784600e+02	2290	1	1
7	3	32	2	2	2	15	46	3	5	5	2	1	2	1	3.950000e+00	3.824100e+02	2116	0	2
7	3	33	2	2	3	29	8	3	5	3	1	1	1	2	1.760000e+00	3.841700e+02	2189	1	2
7	3	34	2	2	4	3	33	5	3	5	1	1	1	2	2.760000e+00	3.869300e+02	876	1	1
7	3	35	2	2	5	33	40	4	5	5	2	1	2	1	4.010000e+00	3.909400e+02	2941	0	2
7	3	36	2	1	1	6	32	5	4	4	2	1	1	2	1.490000e+00	3.924300e+02	9068	1	1
7	3	37	2	1	2	43	13	3	2	3	1	1	2	1	3.870000e+00	3.963000e+02	1679	0	2
7	3	38	2	1	3	8	36	4	3	4	1	1	2	1	4.200000e+00	4.005000e+02	5433	0	1
7	3	39	2	1	4	39	20	5	3	3	2	1	1	2	2.910000e+00	4.034100e+02	3909	1	2
7	3	40	2	1	5	2	47	5	3	5	1	1	2	1	4.190000e+00	4.076000e+02	2398	0	2
7	3	41	2	2	1	51	20	2	3	2	1	1	1	2	1.410000e+00	4.090100e+02	2388	1	1
7	3	42	2	2	2	49	25	2	3	3	2	1	2	1	3.970000e+00	4.129800e+02	1498	0	2
7	3	43	2	1	1	26	22	3	2	2	2	1	1	2	1.910000e+00	4.148900e+02	1027	1	1
7	3	44	2	1	2	5	30	3	4	3	1	1	2	1	4.040000e+00	4.189300e+02	2784	0	2
7	3	45	2	2	1	44	43	3	4	4	2	1	2	1	3.930000e+00	4.228600e+02	1869	0	2
7	3	46	2	1	1	19	47	2	4	4	2	1	1	2	1.540000e+00	4.244000e+02	6856	1	1
7	3	47	2	1	2	23	1	2	3	2	1	1	2	1	3.950000e+00	4.283500e+02	2948	0	2
7	3	48	2	1	3	13	21	4	5	5	2	1	1	2	2.510000e+00	4.308600e+02	6475	1	2
7	3	49	2	1	4	16	45	5	2	5	1	1	2	1	4.280000e+00	4.351400e+02	3405	0	2
7	3	50	2	1	5	10	9	4	2	2	2	1	1	2	2.110000e+00	4.372500e+02	1299	1	2
7	3	51	2	1	6	45	38	2	5	2	1	1	2	1	3.970000e+00	4.412200e+02	2052	0	2
7	3	52	2	2	1	17	22	3	5	5	2	1	2	1	4.080000e+00	4.453000e+02	1719	0	2
7	3	53	2	2	2	4	11	4	2	2	2	1	2	1	3.940000e+00	4.492400e+02	815	0	1
7	3	54	2	2	3	21	54	3	5	3	1	1	1	2	2.880000e+00	4.521200e+02	7900	1	2
7	3	55	2	2	4	47	1	5	2	5	1	1	1	2	2.520000e+00	4.546400e+02	1638	1	1
7	3	56	2	2	5	23	38	2	5	5	2	1	2	1	3.860000e+00	4.585000e+02	4969	0	2
7	3	57	2	1	1	47	22	4	3	2	0	0	0	0	0	4.585000e+02	4679	NaN	NaN
7	3	58	2	2	1	46	49	4	5	4	1	1	1	2	1.680000e+00	4.601800e+02	4094	1	NaN
7	3	59	2	2	2	31	20	5	4	4	2	1	2	1	4.160000e+00	4.643400e+02	4183	0	2
7	3	60	2	2	3	51	10	5	4	4	2	1	2	1	4.050000e+00	4.683900e+02	4509	0	1
7	3	61	2	1	1	37	33	3	4	4	2	1	1	2	2.190000e+00	4.705800e+02	2550	1	1
7	3	62	2	1	2	47	53	5	2	2	2	1	1	2	1.200000e+00	4.717800e+02	5357	1	1
7	3	63	2	1	3	16	7	4	5	4	1	1	2	1	4.030000e+00	4.758100e+02	3061	0	2
7	3	64	2	1	4	23	34	5	3	5	1	1	2	1	4.080000e+00	4.798900e+02	3792	0	1
7	3	65	2	1	5	32	49	2	3	3	2	1	1	2	1.700000e+00	4.815900e+02	5150	1	2
7	3	66	2	2	1	22	20	4	2	2	2	1	2	1	3.880000e+00	4.854700e+02	2182	0	1
7	3	67	2	2	2	35	52	5	2	5	1	1	1	2	1.910000e+00	4.873800e+02	2348	1	2
7	3	68	2	1	1	53	7	4	5	4	1	1	2	1	3.880000e+00	4.912600e+02	2747	0	1
7	3	69	2	1	2	17	38	3	2	3	1	1	2	1	3.990000e+00	4.952500e+02	1546	0	1
7	3	70	2	1	3	14	22	3	4	3	1	1	2	1	4.030000e+00	4.992800e+02	1010	0	1
7	3	71	2	2	1	45	9	4	2	2	2	1	2	1	4.160000e+00	5.034400e+02	2047	0	2
7	3	72	2	2	2	25	14	5	4	5	1	1	1	2	2.080000e+00	5.055200e+02	3202	1	2
7	3	73	2	2	3	44	28	3	4	4	2	1	2	1	3.940000e+00	5.094600e+02	1743	0	2
7	3	74	2	2	4	44	45	5	3	5	1	1	1	2	2.770000e+00	5.122300e+02	4360	1	2
7	3	75	2	1	1	28	48	5	2	2	2	1	1	2	2.390000e+00	5.146200e+02	1991	1	2
7	3	76	2	1	2	30	34	3	5	5	2	1	1	2	2.110000e+00	5.167300e+02	5269	1	1
7	3	77	2	1	3	21	42	2	4	2	1	1	2	1	4.080000e+00	5.208100e+02	2848	0	2
7	3	78	2	1	4	45	51	3	4	3	1	1	2	1	3.940000e+00	5.247500e+02	1891	0	1
7	3	79	2	2	1	49	26	3	2	3	1	1	1	2	2.400000e+00	5.271500e+02	6461	1	1
7	3	80	2	2	2	12	44	2	5	2	1	1	1	2	2.130000e+00	5.292800e+02	3360	1	1
7	3	81	2	2	3	35	41	2	4	4	2	1	2	1	4.070000e+00	5.333500e+02	2335	0	2
7	3	82	2	2	4	4	25	4	5	4	1	1	1	2	1.510000e+00	5.348600e+02	952	1	2
7	3	83	2	2	5	19	35	4	5	5	2	1	2	1	4.180000e+00	5.390400e+02	1911	0	2
7	3	84	2	2	6	34	48	4	2	4	1	1	1	2	2.200000e+00	5.412400e+02	2984	1	2
7	3	1	3	1	1	6	54	4	2	4	1	1	2	1	3.770000e+00	5.450100e+02	1548	0	NaN
7	3	2	3	2	1	23	3	2	3	2	1	1	1	2	2.220000e+00	5.472300e+02	3347	1	1
7	3	3	3	2	2	16	25	3	5	3	1	1	1	2	2.600000e+00	5.498300e+02	2410	1	1
7	3	4	3	2	3	22	23	5	2	2	2	1	2	1	4.080000e+00	5.539100e+02	2960	0	2
7	3	5	3	2	4	5	17	5	2	2	2	1	2	1	4.160000e+00	5.580700e+02	1311	0	1
7	3	6	3	2	5	33	49	5	2	5	1	1	1	2	2.620000e+00	5.606900e+02	4960	1	2
7	3	7	3	1	1	44	54	5	4	5	1	1	2	1	3.890000e+00	5.645800e+02	3856	0	1
7	3	8	3	1	2	4	15	4	3	4	1	1	2	1	3.730000e+00	5.683100e+02	2587	0	1
7	3	9	3	1	3	9	48	4	2	3	0	0	0	0	0	5.683100e+02	4513	NaN	NaN
7	3	10	3	1	4	51	54	4	2	4	1	1	2	1	4.210000e+00	5.725200e+02	1511	0	NaN
7	3	11	3	1	5	39	25	3	2	2	2	1	1	2	2.180000e+00	5.747000e+02	3640	1	2
7	3	12	3	2	1	54	5	2	5	5	2	1	2	1	4	5.787000e+02	2741	0	1
7	3	13	3	1	1	53	33	4	2	2	2	1	1	2	1.810000e+00	5.805100e+02	1412	1	1
7	3	14	3	1	2	22	54	3	2	3	1	1	2	1	3.820000e+00	5.843300e+02	3817	0	2
7	3	15	3	1	3	52	33	2	3	2	1	1	2	1	4.030000e+00	5.883600e+02	3949	0	1
7	3	16	3	2	1	2	39	2	5	2	1	1	1	2	1.350000e+00	5.897100e+02	7413	1	1
7	3	17	3	2	2	3	34	3	5	5	2	1	2	1	3.900000e+00	5.936100e+02	4457	0	2
7	3	18	3	1	1	33	34	5	3	5	1	1	2	1	3.980000e+00	5.975900e+02	1869	0	2
7	3	19	3	1	2	23	21	3	4	3	1	1	2	1	4.090000e+00	6.016800e+02	3632	0	1
7	3	20	3	2	1	10	7	5	4	5	1	1	1	2	2.180000e+00	6.038600e+02	8683	1	1
7	3	21	3	2	2	24	48	2	5	2	1	1	1	2	1.370000e+00	6.052300e+02	1382	1	1
7	3	22	3	2	3	11	20	3	5	5	2	1	2	1	4.170000e+00	6.094000e+02	4619	0	2
7	3	23	3	2	4	12	54	3	4	4	2	1	2	1	4	6.134000e+02	6816	0	1
7	3	24	3	1	1	29	34	3	4	3	1	1	2	1	4.220000e+00	6.176200e+02	1373	0	2
7	3	25	3	1	2	11	39	3	2	3	1	1	2	1	3.860000e+00	6.214800e+02	3668	0	1
7	3	26	3	1	3	35	32	3	2	3	1	1	2	1	3.910000e+00	6.253900e+02	2790	0	1
7	3	27	3	1	4	9	37	5	4	5	1	1	2	1	3.910000e+00	6.293000e+02	1364	0	1
7	3	28	3	2	1	14	46	2	3	3	2	1	2	1	3.990000e+00	6.332900e+02	3811	0	2
7	3	29	3	2	2	32	19	2	5	5	2	1	2	1	3.880000e+00	6.371700e+02	2304	0	1
7	3	30	3	2	3	33	46	4	5	5	2	1	2	1	3.890000e+00	6.410600e+02	1473	0	1
7	3	31	3	1	1	43	8	5	3	5	1	1	2	1	3.720000e+00	6.447800e+02	1756	0	2
7	3	32	3	1	2	52	10	3	5	3	1	1	2	1	3.900000e+00	6.486800e+02	5092	0	1
7	3	33	3	1	3	20	41	4	2	4	1	1	2	1	4.030000e+00	6.527100e+02	3533	0	1
7	3	34	3	1	4	25	47	3	5	3	1	1	2	1	3.980000e+00	6.566900e+02	1413	0	1
7	3	35	3	1	5	22	29	4	3	4	1	1	2	1	3.980000e+00	6.606700e+02	1514	0	1
7	3	36	3	1	6	17	32	3	4	3	1	1	2	1	3.990000e+00	6.646600e+02	2835	0	1
7	3	37	3	2	1	12	32	2	3	2	1	1	1	2	2.080000e+00	6.667400e+02	1015	1	1
7	3	38	3	2	2	42	23	5	3	3	2	1	2	1	3.940000e+00	6.706800e+02	3948	0	2
7	3	39	3	2	3	16	53	4	3	3	2	1	2	1	3.920000e+00	6.746000e+02	2275	0	1
7	3	40	3	2	4	30	14	4	3	4	1	1	1	2	2.240000e+00	6.768400e+02	5533	1	2
7	3	41	3	2	5	32	16	4	5	5	2	1	2	1	3.950000e+00	6.807900e+02	1821	0	2
7	3	42	3	2	6	17	28	5	2	2	2	1	2	1	4.030000e+00	6.848200e+02	1098	0	1
7	3	43	3	1	1	28	22	5	2	5	1	1	2	1	3.890000e+00	6.887100e+02	4811	0	2
7	3	44	3	1	2	26	39	2	4	2	1	1	2	1	3.980000e+00	6.926900e+02	1064	0	1
7	3	45	3	2	1	3	11	3	4	4	2	1	2	1	4.090000e+00	6.967800e+02	1051	0	2
7	3	46	3	2	2	1	49	5	3	5	1	1	1	2	1.580000e+00	6.983600e+02	950	1	2
7	3	47	3	1	1	1	44	4	5	4	1	1	2	1	4.020000e+00	7.023800e+02	14237	0	1
7	3	48	3	1	2	10	27	4	5	4	1	1	2	1	3.970000e+00	7.063500e+02	849	0	1
7	3	49	3	1	3	2	3	2	5	2	1	1	2	1	3.990000e+00	7.103400e+02	1837	0	1
7	3	50	3	1	4	24	4	5	3	5	1	1	2	1	3.960000e+00	7.143000e+02	3152	0	1
7	3	51	3	2	1	36	52	2	4	4	2	1	2	1	3.760000e+00	7.180600e+02	1424	0	2
7	3	52	3	2	2	7	38	2	4	2	1	1	1	2	1.930000e+00	7.199900e+02	3676	1	2
7	3	53	3	2	3	9	38	2	3	3	2	1	2	1	4.160000e+00	7.241500e+02	4647	0	2
7	3	54	3	2	4	46	23	4	2	2	2	1	2	1	4.080000e+00	7.282300e+02	3802	0	1
7	3	55	3	2	5	41	38	4	5	5	2	1	2	1	3.960000e+00	7.321900e+02	8336	0	1
7	3	56	3	2	6	6	23	5	4	4	2	1	2	1	3.920000e+00	7.361100e+02	4344	0	1
7	3	57	3	1	1	27	34	3	2	3	1	1	2	1	4.030000e+00	7.401400e+02	1648	0	2
7	3	58	3	2	1	24	12	5	3	3	2	1	2	1	3.950000e+00	7.440900e+02	2195	0	2
7	3	59	3	1	1	23	32	2	5	5	2	1	1	2	1.750000e+00	7.458400e+02	5385	1	1
7	3	60	3	1	2	50	4	2	4	2	1	1	2	1	4.010000e+00	7.498500e+02	5111	0	2
7	3	61	3	1	3	15	35	5	4	5	1	1	2	1	4.150000e+00	7.540000e+02	4505	0	1
7	3	62	3	2	1	53	54	5	2	2	2	1	2	1	3.700000e+00	7.577000e+02	1642	0	2
7	3	63	3	2	2	42	3	2	4	4	2	1	2	1	4.070000e+00	7.617700e+02	1950	0	1
7	3	64	3	2	3	45	30	2	3	2	1	1	1	2	1.520000e+00	7.632900e+02	6293	1	2
7	3	65	3	1	1	20	12	4	5	4	1	1	2	1	4.110000e+00	7.674000e+02	2047	0	1
7	3	66	3	1	2	9	33	5	4	5	1	1	2	1	3.710000e+00	7.711100e+02	3674	0	1
7	3	67	3	1	3	28	41	5	2	5	1	1	2	1	3.970000e+00	7.750800e+02	1885	0	1
7	3	68	3	1	4	52	6	4	3	4	1	1	2	1	4.010000e+00	7.790900e+02	4367	0	1
7	3	69	3	1	5	41	13	2	4	2	1	1	2	1	3.950000e+00	7.830400e+02	3813	0	1
7	3	70	3	1	6	11	6	4	2	4	1	1	2	1	3.980000e+00	7.870200e+02	1202	0	1
7	3	71	3	2	1	2	46	2	3	3	2	1	2	1	3.820000e+00	7.908400e+02	3742	0	2
7	3	72	3	2	2	23	46	2	4	4	2	1	2	1	3.870000e+00	7.947100e+02	6766	0	1
7	3	73	3	2	3	23	37	3	2	3	1	1	1	2	1.620000e+00	7.963300e+02	2285	1	2
7	3	74	3	2	4	29	22	4	5	4	1	1	1	2	2.170000e+00	7.985000e+02	1623	1	1
7	3	75	3	2	5	18	54	3	4	3	1	1	1	2	1.720000e+00	8.002200e+02	2075	1	1
7	3	76	3	1	1	51	16	3	5	3	1	1	2	1	4.180000e+00	8.044000e+02	1597	0	1
7	3	77	3	1	2	25	11	4	3	3	2	1	1	2	2.070000e+00	8.064700e+02	1195	1	2
7	3	78	3	1	3	4	19	4	3	4	1	1	2	1	3.780000e+00	8.102500e+02	1041	0	2
7	3	79	3	1	4	25	13	2	5	2	1	1	2	1	3.950000e+00	8.142000e+02	4525	0	1
7	3	80	3	1	5	4	37	3	5	3	1	1	2	1	3.920000e+00	8.181200e+02	5805	0	1
7	3	81	3	2	1	34	38	3	4	4	2	1	2	1	4.010000e+00	8.221300e+02	4715	0	2
7	3	82	3	2	2	6	3	5	4	4	2	1	2	1	3.970000e+00	8.261000e+02	1691	0	1
7	3	83	3	2	3	4	14	5	3	3	2	1	2	1	3.970000e+00	8.300700e+02	3629	0	1
7	3	84	3	2	4	12	48	3	2	2	2	1	2	1	3.910000e+00	8.339800e+02	4450	0	1
7	3	1	4	2	1	36	6	4	2	4	1	1	1	2	1.970000e+00	8.359500e+02	3757	1	NaN
7	3	2	4	2	2	17	16	2	4	2	1	1	1	2	1.320000e+00	8.372700e+02	2700	1	1
7	3	3	4	1	1	41	8	2	3	2	1	1	2	1	4.070000e+00	8.413400e+02	3501	0	1
7	3	4	4	2	1	15	22	3	4	4	2	1	2	1	3.840000e+00	8.451800e+02	1687	0	2
7	3	5	4	2	2	4	43	5	3	5	1	1	1	2	1.690000e+00	8.468700e+02	2393	1	2
7	3	6	4	2	3	32	3	2	3	4	0	0	0	0	0	8.468700e+02	4374	NaN	NaN
7	3	7	4	1	1	14	20	5	4	5	1	1	2	1	3.980000e+00	8.508500e+02	2409	0	NaN
7	3	8	4	1	2	52	4	2	5	5	2	1	1	2	2.120000e+00	8.529700e+02	3463	1	2
7	3	9	4	2	1	17	51	4	5	5	2	1	2	1	3.990000e+00	8.569600e+02	1346	0	1
7	3	10	4	2	2	14	37	3	5	5	2	1	2	1	4.200000e+00	8.611600e+02	4857	0	1
7	3	11	4	2	3	30	18	3	2	2	2	1	2	1	4.190000e+00	8.653500e+02	4269	0	1
7	3	12	4	2	4	14	39	5	4	5	1	1	1	2	2.300000e+00	8.676500e+02	2168	1	2
7	3	13	4	2	5	5	4	4	3	3	2	1	2	1	4.010000e+00	8.716600e+02	4134	0	2
7	3	14	4	2	6	23	43	3	2	2	2	1	2	1	3.900000e+00	8.755600e+02	3038	0	1
7	3	15	4	1	1	53	29	5	2	5	1	1	2	1	3.950000e+00	8.795100e+02	2179	0	2
7	3	16	4	1	2	29	18	4	3	4	1	1	2	1	3.830000e+00	8.833400e+02	817	0	1
7	3	17	4	1	3	13	2	5	4	5	1	1	2	1	3.960000e+00	8.873000e+02	4805	0	1
7	3	18	4	1	4	34	53	5	2	5	1	1	2	1	3.940000e+00	8.912400e+02	4107	0	1
7	3	19	4	1	5	6	39	5	4	5	1	1	2	1	4.210000e+00	8.954500e+02	3148	0	1
7	3	20	4	2	1	1	49	4	5	5	2	1	2	1	4.090000e+00	8.995400e+02	1347	0	2
7	3	21	4	1	1	3	27	2	5	2	1	1	2	1	4.010000e+00	9.035500e+02	2587	0	2
7	3	22	4	1	2	44	21	3	4	3	1	1	2	1	3.970000e+00	9.075200e+02	2129	0	1
7	3	23	4	1	3	47	51	3	5	3	1	1	2	1	4.010000e+00	9.115300e+02	4673	0	1
7	3	24	4	1	4	33	2	5	2	2	2	1	1	2	2.360000e+00	9.138900e+02	2235	1	2
7	3	25	4	2	1	29	9	3	5	5	2	1	2	1	4.260000e+00	9.181500e+02	4103	0	1
7	3	26	4	2	2	23	5	2	5	5	2	1	2	1	4.040000e+00	9.221900e+02	3377	0	1
7	3	27	4	2	3	41	53	2	3	3	2	1	2	1	4.100000e+00	9.262900e+02	1711	0	1
7	3	28	4	2	4	47	39	4	3	3	2	1	2	1	4.080000e+00	9.303700e+02	3169	0	1
7	3	29	4	1	1	12	45	3	5	3	1	1	2	1	4.070000e+00	9.344400e+02	943	0	2
7	3	30	4	1	2	19	41	2	4	2	1	1	2	1	4.120000e+00	9.385600e+02	5287	0	1
7	3	31	4	1	3	10	27	5	2	5	1	1	2	1	4.150000e+00	9.427100e+02	1721	0	1
7	3	32	4	1	4	15	4	4	2	4	1	1	2	1	4.010000e+00	9.467200e+02	2346	0	1
7	3	33	4	1	5	33	9	2	3	2	1	1	2	1	3.960000e+00	9.506800e+02	2393	0	1
7	3	34	4	1	6	52	9	2	3	2	1	1	2	1	4.030000e+00	9.547100e+02	1655	0	1
7	3	35	4	2	1	29	35	2	4	2	1	1	1	2	2.470000e+00	9.571800e+02	1970	1	1
7	3	36	4	2	2	5	37	5	3	3	2	1	2	1	4.140000e+00	9.613200e+02	3552	0	2
7	3	37	4	2	3	27	11	5	2	2	2	1	2	1	3.940000e+00	9.652600e+02	976	0	1
7	3	38	4	2	4	21	7	3	2	2	2	1	2	1	4.110000e+00	9.693700e+02	1502	0	1
7	3	39	4	2	5	28	16	5	3	3	2	1	2	1	3.980000e+00	9.733500e+02	2071	0	1
7	3	40	4	1	1	20	14	5	4	5	1	1	2	1	3.960000e+00	9.773100e+02	2962	0	2
7	3	41	4	1	2	38	22	2	4	2	1	1	2	1	4.060000e+00	9.813700e+02	3001	0	1
7	3	42	4	1	3	52	53	4	5	4	1	1	2	1	4.110000e+00	9.854800e+02	6126	0	1
7	3	43	4	2	1	8	16	4	3	3	2	1	2	1	3.930000e+00	9.894100e+02	4503	0	2
7	3	44	4	2	2	35	5	2	4	4	2	1	2	1	3.820000e+00	9.932300e+02	3648	0	1
7	3	45	4	2	3	34	10	3	4	4	2	1	2	1	3.990000e+00	9.972200e+02	1748	0	1
7	3	46	4	2	4	30	39	4	2	2	2	1	2	1	4.070000e+00	1.001290e+03	2307	0	1
7	3	47	4	2	5	52	47	3	4	4	2	1	2	1	4.010000e+00	1.005300e+03	3724	0	1
7	3	48	4	1	1	31	43	4	5	5	2	1	1	2	2.740000e+00	1.008040e+03	4197	1	1
7	3	49	4	1	2	10	42	4	3	4	1	1	2	1	3.960000e+00	1.012000e+03	1970	0	2
7	3	50	4	2	1	28	1	4	3	4	1	1	1	2	2.370000e+00	1.014370e+03	1225	1	1
7	3	51	4	2	2	3	10	4	2	2	2	1	2	1	3.910000e+00	1.018280e+03	1006	0	2
7	3	52	4	2	3	45	41	2	4	4	2	1	2	1	3.850000e+00	1.022130e+03	3819	0	1
7	3	53	4	2	4	37	46	5	3	3	2	1	2	1	4.080000e+00	1.026210e+03	1680	0	1
7	3	54	4	1	1	42	6	3	2	3	1	1	2	1	3.840000e+00	1.030050e+03	3546	0	2
7	3	55	4	1	2	25	3	5	2	2	2	1	1	2	1.390000e+00	1.031440e+03	3961	1	2
7	3	56	4	1	3	8	22	3	5	5	2	1	1	2	1.710000e+00	1.033150e+03	4688	1	1
7	3	57	4	1	4	42	44	2	5	5	2	1	1	2	1.300000e+00	1.034450e+03	6914	1	1
7	3	58	4	2	1	32	23	4	2	2	2	1	2	1	4.070000e+00	1.038520e+03	1707	0	1
7	3	59	4	2	2	53	6	2	5	5	2	1	2	1	3.970000e+00	1.042490e+03	1548	0	1
7	3	60	4	1	1	5	25	5	4	5	1	1	2	1	3.850000e+00	1.046340e+03	2803	0	2
7	3	61	4	1	2	21	19	3	4	3	1	1	2	1	3.900000e+00	1.050240e+03	4392	0	1
7	3	62	4	1	3	39	40	5	4	5	1	1	2	1	3.880000e+00	1.054120e+03	3526	0	1
7	3	63	4	1	4	2	24	4	5	4	1	1	2	1	3.990000e+00	1.058110e+03	1983	0	1
7	3	64	4	1	5	39	31	4	3	3	2	1	1	2	8.600000e-01	1.058970e+03	4444	1	2
7	3	65	4	1	6	13	16	2	5	2	1	1	2	1	3.920000e+00	1.062890e+03	1416	0	2
7	3	66	4	2	1	27	16	5	3	3	2	1	2	1	3.840000e+00	1.066730e+03	2869	0	2
7	3	67	4	2	2	25	41	3	2	2	2	1	2	1	4.040000e+00	1.070770e+03	3543	0	1
7	3	68	4	2	3	46	8	3	5	5	2	1	2	1	4.070000e+00	1.074840e+03	1359	0	1
7	3	69	4	1	1	23	36	4	5	4	1	1	2	1	4.020000e+00	1.078860e+03	3023	0	2
7	3	70	4	2	1	1	5	3	2	2	2	1	2	1	3.990000e+00	1.082850e+03	3692	0	2
7	3	71	4	1	1	12	31	4	2	4	1	1	2	1	3.690000e+00	1.086540e+03	1277	0	2
7	3	72	4	1	2	48	35	3	4	3	1	1	2	1	4	1.090540e+03	4048	0	1
7	3	73	4	1	3	50	39	5	2	5	1	1	2	1	3.900000e+00	1.094440e+03	8107	0	1
7	3	74	4	1	4	8	4	2	3	2	1	1	2	1	3.970000e+00	1.098410e+03	4101	0	1
7	3	75	4	1	5	10	51	2	3	2	1	1	2	1	3.960000e+00	1.102370e+03	1191	0	1
7	3	76	4	2	1	22	19	3	2	2	2	1	2	1	3.860000e+00	1.106230e+03	2172	0	2
7	3	77	4	2	2	11	32	2	4	2	1	1	1	2	2.270000e+00	1.108500e+03	811	1	2
7	3	78	4	2	3	37	23	3	5	5	2	1	2	1	4.030000e+00	1.112530e+03	4464	0	2
7	3	79	4	2	4	42	18	5	3	5	1	1	1	2	1.830000e+00	1.114360e+03	7651	1	2
7	3	80	4	2	5	6	8	4	5	4	1	1	1	2	2.420000e+00	1.116780e+03	1116	1	1
7	3	81	4	2	6	37	15	3	4	4	2	1	2	1	4.190000e+00	1.120970e+03	2526	0	2
7	3	82	4	1	1	30	24	4	2	4	1	1	2	1	3.870000e+00	1.124840e+03	1167	0	2
7	3	83	4	1	2	29	54	5	3	5	1	1	2	1	4	1.128840e+03	1149	0	1
7	3	84	4	1	3	35	23	2	5	2	1	1	2	1	3.870000e+00	1.132710e+03	4124	0	1
