LEDISAS2	Code = 49	
SubNo	Group(1=OHRHV,SLRLV; 2=OHRLV,SLRHV; 3=OLRHV,SHRLV, 4 = OLRLV,SHRHV)	Block_trial	Block	VarDist_cond	Run_number	Targ1_position	Targ2_position	Red_targ_digit	Blue_targ_digit	Response	Targ_Choice	Acc	RewardOutcome(0=inaccurate;1=lowReward;2=highReward)	VarianceOutcome(0=inaccurate; 1=lowVariance; 2=highVariance)	OutcomeValue	Points	RT	Optimal_Choice	Repeat_Switch
49	1	1	0	2	1	48	16	4	2	3	0	0	NaN	NaN	0	0	6575	NaN	NaN
49	1	2	0	2	2	39	15	5	2	5	1	1	NaN	NaN	0	0	18287	1	NaN
49	1	3	0	2	3	4	21	2	4	3	0	0	NaN	NaN	0	0	1993	NaN	NaN
49	1	4	0	2	4	28	31	3	5	4	0	0	NaN	NaN	0	0	4672	NaN	NaN
49	1	5	0	1	1	53	19	4	5	4	1	1	NaN	NaN	0	0	22990	0	NaN
49	1	6	0	1	2	28	4	4	5	4	1	1	NaN	NaN	0	0	1795	0	1
49	1	7	0	2	1	27	6	2	5	2	1	1	NaN	NaN	0	0	2321	1	1
49	1	8	0	2	2	4	2	3	2	3	1	1	NaN	NaN	0	0	3217	1	1
49	1	9	0	2	3	6	36	2	5	2	1	1	NaN	NaN	0	0	2951	1	1
49	1	10	0	2	4	32	24	5	3	5	1	1	NaN	NaN	0	0	4157	1	1
49	1	1	1	2	1	8	36	4	3	4	1	1	2	2	3.800000e+00	3.800000e+00	6669	1	NaN
49	1	2	1	2	2	41	54	5	4	5	1	1	2	2	3.220000e+00	7.020000e+00	2461	1	1
49	1	3	1	2	3	31	44	4	3	4	1	1	2	2	4.060000e+00	1.108000e+01	1896	1	1
49	1	4	1	2	4	1	4	5	4	5	1	1	2	2	4.140000e+00	1.522000e+01	1185	1	1
49	1	5	1	1	1	27	24	3	2	3	1	1	1	1	1.860000e+00	1.708000e+01	4039	0	1
49	1	6	1	1	2	6	47	2	4	2	1	1	1	1	2.140000e+00	1.922000e+01	3011	0	1
49	1	7	1	2	1	31	29	3	4	3	1	1	2	2	4.560000e+00	2.378000e+01	3913	1	1
49	1	8	1	2	2	35	36	3	2	3	1	1	2	2	3.980000e+00	2.776000e+01	3634	1	1
49	1	9	1	2	3	18	35	2	4	2	1	1	2	2	4.150000e+00	3.191000e+01	2525	1	1
49	1	10	1	2	4	47	24	2	4	2	1	1	2	2	4.080000e+00	3.599000e+01	1110	1	1
49	1	11	1	2	5	29	12	2	3	2	1	1	2	2	3.910000e+00	3.990000e+01	2743	1	1
49	1	12	1	2	6	8	5	5	4	5	1	1	2	2	4.340000e+00	4.424000e+01	1895	1	1
49	1	13	1	1	1	54	48	3	2	2	2	1	2	2	3.720000e+00	4.796000e+01	2369	1	2
49	1	14	1	1	2	14	22	5	4	5	1	1	1	1	2.260000e+00	5.022000e+01	5264	0	2
49	1	15	1	1	3	28	21	5	4	5	1	1	1	1	1.980000e+00	5.220000e+01	6779	0	1
49	1	16	1	1	4	48	36	4	5	5	2	1	2	2	4.050000e+00	5.625000e+01	3865	1	2
49	1	17	1	1	5	29	53	5	3	3	2	1	2	2	4.500000e+00	6.075000e+01	3332	1	1
49	1	18	1	1	6	31	4	2	3	3	2	1	2	2	4.030000e+00	6.478000e+01	3331	1	1
49	1	19	1	2	1	32	27	4	5	4	1	1	2	2	3.950000e+00	6.873000e+01	4634	1	2
49	1	20	1	2	2	1	11	4	3	4	1	1	2	2	3.610000e+00	7.234000e+01	2246	1	1
49	1	21	1	2	3	26	25	3	4	3	1	1	2	2	4.140000e+00	7.648000e+01	2266	1	1
49	1	22	1	2	4	20	9	3	5	3	1	1	2	2	3.370000e+00	7.985000e+01	2189	1	1
49	1	23	1	2	5	5	24	2	5	2	1	1	2	2	4.340000e+00	8.419000e+01	3883	1	1
49	1	24	1	1	1	14	35	4	2	2	2	1	2	2	4.770000e+00	8.896000e+01	3388	1	2
49	1	25	1	1	2	11	35	2	3	4	0	0	0	0	0	8.896000e+01	6466	NaN	NaN
49	1	26	1	1	3	34	37	5	3	3	2	1	2	2	3.670000e+00	9.263000e+01	4859	1	NaN
49	1	27	1	1	4	13	23	2	4	4	2	1	2	2	4.400000e+00	9.703000e+01	2559	1	1
49	1	28	1	1	5	10	49	3	5	5	2	1	2	2	4.590000e+00	1.016200e+02	5014	1	1
49	1	29	1	2	1	8	44	2	3	2	1	1	2	2	3.250000e+00	1.048700e+02	1699	1	2
49	1	30	1	1	1	19	3	4	2	2	2	1	2	2	3.320000e+00	1.081900e+02	3684	1	2
49	1	31	1	1	2	51	7	4	2	2	2	1	2	2	4.270000e+00	1.124600e+02	2486	1	1
49	1	32	1	1	3	25	8	5	2	2	2	1	2	2	3.810000e+00	1.162700e+02	1728	1	1
49	1	33	1	2	1	38	50	4	3	4	1	1	2	2	4.330000e+00	1.206000e+02	3569	1	2
49	1	34	1	2	2	24	27	5	3	5	1	1	2	2	4.380000e+00	1.249800e+02	3623	1	1
49	1	35	1	1	1	21	25	4	2	4	1	1	1	1	2.080000e+00	1.270600e+02	3156	0	1
49	1	36	1	1	2	53	35	2	5	5	2	1	2	2	4.610000e+00	1.316700e+02	3539	1	2
49	1	37	1	1	3	35	16	3	4	3	1	1	1	1	2.080000e+00	1.337500e+02	5851	0	2
49	1	38	1	1	4	2	53	2	3	3	2	1	2	2	4.560000e+00	1.383100e+02	3326	1	2
49	1	39	1	2	1	47	24	2	4	2	1	1	2	2	3.430000e+00	1.417400e+02	2591	1	2
49	1	40	1	2	2	19	3	3	4	3	1	1	2	2	3.990000e+00	1.457300e+02	3501	1	1
49	1	41	1	2	3	42	23	5	2	5	1	1	2	2	3.930000e+00	1.496600e+02	3982	1	1
49	1	42	1	1	1	31	39	5	3	5	1	1	1	1	1.810000e+00	1.514700e+02	3252	0	1
49	1	43	1	2	1	16	6	2	4	2	1	1	2	2	4.120000e+00	1.555900e+02	2408	1	1
49	1	44	1	2	2	16	29	2	4	2	1	1	2	2	3.500000e+00	1.590900e+02	3405	1	1
49	1	45	1	2	3	25	42	5	2	5	1	1	2	2	4.670000e+00	1.637600e+02	1931	1	1
49	1	46	1	2	4	33	27	4	5	4	1	1	2	2	3.620000e+00	1.673800e+02	3586	1	1
49	1	47	1	2	5	27	12	3	5	3	1	1	2	2	4.250000e+00	1.716300e+02	1528	1	1
49	1	48	1	2	6	46	32	2	5	2	1	1	2	2	4.100000e+00	1.757300e+02	3481	1	1
49	1	49	1	1	1	51	32	2	5	2	1	1	1	1	1.890000e+00	1.776200e+02	2251	0	1
49	1	50	1	1	2	30	53	5	2	5	1	1	1	1	1.740000e+00	1.793600e+02	1542	0	1
49	1	51	1	2	1	43	50	2	5	2	1	1	2	2	3.970000e+00	1.833300e+02	3030	1	1
49	1	52	1	1	1	26	1	4	2	4	1	1	1	1	1.880000e+00	1.852100e+02	3417	0	1
49	1	53	1	1	2	32	30	2	3	3	2	1	2	2	4.290000e+00	1.895000e+02	2118	1	2
49	1	54	1	1	3	6	19	5	4	4	2	1	2	2	4.240000e+00	1.937400e+02	3215	1	1
49	1	55	1	1	4	1	43	3	2	2	2	1	2	2	4.800000e+00	1.985400e+02	2059	1	1
49	1	56	1	1	5	12	30	4	5	5	2	1	2	2	4.280000e+00	2.028200e+02	3559	1	1
49	1	57	1	1	6	32	22	3	2	2	2	1	2	2	3.700000e+00	2.065200e+02	2158	1	1
49	1	58	1	2	1	3	22	5	3	5	1	1	2	2	4.180000e+00	2.107000e+02	2549	1	2
49	1	59	1	2	2	4	46	5	2	5	1	1	2	2	3.520000e+00	2.142200e+02	2772	1	1
49	1	60	1	2	3	18	28	4	3	4	1	1	2	2	3.990000e+00	2.182100e+02	2819	1	1
49	1	61	1	1	1	54	34	3	2	2	2	1	2	2	3.980000e+00	2.221900e+02	2215	1	2
49	1	62	1	1	2	30	53	3	4	4	2	1	2	2	4	2.261900e+02	2036	1	1
49	1	63	1	1	3	30	47	4	3	3	2	1	2	2	3.850000e+00	2.300400e+02	2192	1	1
49	1	64	1	1	4	8	29	4	2	2	2	1	2	2	4.520000e+00	2.345600e+02	4038	1	1
49	1	65	1	2	1	23	7	3	5	3	1	1	2	2	3.120000e+00	2.376800e+02	3865	1	2
49	1	66	1	2	2	36	3	3	5	3	1	1	2	2	4.200000e+00	2.418800e+02	3892	1	1
49	1	67	1	2	3	1	33	3	5	3	1	1	2	2	4.420000e+00	2.463000e+02	2094	1	1
49	1	68	1	2	4	4	25	5	2	5	1	1	2	2	4.340000e+00	2.506400e+02	3193	1	1
49	1	69	1	1	1	23	3	3	5	5	2	1	2	2	4.270000e+00	2.549100e+02	3598	1	2
49	1	70	1	1	2	34	1	4	5	5	2	1	2	2	4.020000e+00	2.589300e+02	1708	1	1
49	1	71	1	1	3	36	6	2	5	5	2	1	2	2	4.320000e+00	2.632500e+02	2613	1	1
49	1	72	1	2	1	2	27	2	3	2	1	1	2	2	4.270000e+00	2.675200e+02	2865	1	2
49	1	73	1	2	2	41	51	3	2	3	1	1	2	2	3.880000e+00	2.714000e+02	3028	1	1
49	1	74	1	1	1	27	31	5	4	4	2	1	2	2	3.820000e+00	2.752200e+02	4633	1	2
49	1	75	1	2	1	50	33	3	4	3	1	1	2	2	3.860000e+00	2.790800e+02	2381	1	2
49	1	76	1	2	2	8	28	2	5	2	1	1	2	2	3.300000e+00	2.823800e+02	1866	1	1
49	1	77	1	2	3	11	1	4	5	4	1	1	2	2	3.890000e+00	2.862700e+02	1805	1	1
49	1	78	1	2	4	40	19	5	3	5	1	1	2	2	4.060000e+00	2.903300e+02	3763	1	1
49	1	79	1	2	5	24	38	4	3	4	1	1	2	2	4.150000e+00	2.944800e+02	2498	1	1
49	1	80	1	1	1	48	5	5	2	2	2	1	2	2	4.680000e+00	2.991600e+02	2499	1	2
49	1	81	1	1	2	41	44	4	5	5	2	1	2	2	3.830000e+00	3.029900e+02	2300	1	1
49	1	82	1	1	3	24	28	3	4	4	2	1	2	2	4.290000e+00	3.072800e+02	1437	1	1
49	1	83	1	1	4	27	32	4	2	2	2	1	2	2	4.380000e+00	3.116600e+02	3793	1	1
49	1	84	1	1	5	1	43	5	3	3	2	1	2	2	4.440000e+00	3.161000e+02	2439	1	1
49	1	1	2	2	1	40	45	4	2	4	1	1	2	2	3.530000e+00	3.196300e+02	2865	1	NaN
49	1	2	2	2	2	22	41	2	5	2	1	1	2	2	4.100000e+00	3.237300e+02	3380	1	1
49	1	3	2	2	3	26	44	3	4	3	1	1	2	2	4.110000e+00	3.278400e+02	3226	1	1
49	1	4	2	2	4	40	27	5	4	5	1	1	2	2	3.530000e+00	3.313700e+02	3222	1	1
49	1	5	2	1	1	11	41	4	2	4	1	1	1	1	1.910000e+00	3.332800e+02	2427	0	1
49	1	6	2	2	1	31	19	3	5	3	1	1	2	2	4.510000e+00	3.377900e+02	4096	1	1
49	1	7	2	2	2	32	51	2	5	2	1	1	2	2	3.940000e+00	3.417300e+02	1401	1	1
49	1	8	2	2	3	46	49	3	2	3	1	1	2	2	4.180000e+00	3.459100e+02	3919	1	1
49	1	9	2	2	4	32	35	5	3	5	1	1	2	2	4.040000e+00	3.499500e+02	3463	1	1
49	1	10	2	2	5	30	38	5	2	5	1	1	2	2	3.700000e+00	3.536500e+02	2002	1	1
49	1	11	2	1	1	41	3	4	5	5	2	1	2	2	3.740000e+00	3.573900e+02	3008	1	2
49	1	12	2	1	2	35	24	3	2	2	2	1	2	2	4.210000e+00	3.616000e+02	1581	1	1
49	1	13	2	1	3	37	18	5	2	2	2	1	2	2	3.550000e+00	3.651500e+02	4058	1	1
49	1	14	2	1	4	31	37	3	5	5	2	1	2	2	4.370000e+00	3.695200e+02	2798	1	1
49	1	15	2	1	5	44	32	2	5	5	2	1	2	2	4.270000e+00	3.737900e+02	3763	1	1
49	1	16	2	2	1	16	33	3	2	3	1	1	2	2	3.610000e+00	3.774000e+02	4978	1	2
49	1	17	2	1	1	7	6	3	4	4	2	1	2	2	3.870000e+00	3.812700e+02	2328	1	2
49	1	18	2	1	2	52	40	5	3	3	2	1	2	2	3.440000e+00	3.847100e+02	2753	1	1
49	1	19	2	1	3	6	42	2	4	4	2	1	2	2	2.960000e+00	3.876700e+02	3640	1	1
49	1	20	2	1	4	7	42	4	3	3	2	1	2	2	4.460000e+00	3.921300e+02	2796	1	1
49	1	21	2	1	5	25	17	5	3	3	2	1	2	2	3.760000e+00	3.958900e+02	2746	1	1
49	1	22	2	1	6	14	34	2	3	3	2	1	2	2	4.150000e+00	4.000400e+02	3298	1	1
49	1	23	2	2	1	16	42	4	3	4	1	1	2	2	4.110000e+00	4.041500e+02	4091	1	2
49	1	24	2	2	2	31	24	3	5	3	1	1	2	2	4.010000e+00	4.081600e+02	3629	1	1
49	1	25	2	2	3	5	39	4	2	4	1	1	2	2	3.530000e+00	4.116900e+02	2289	1	1
49	1	26	2	1	1	27	3	4	3	3	2	1	2	2	3.550000e+00	4.152400e+02	3083	1	2
49	1	27	2	1	2	3	17	2	4	4	2	1	2	2	3.820000e+00	4.190600e+02	2781	1	1
49	1	28	2	1	3	1	6	3	4	4	2	1	2	2	3.440000e+00	4.225000e+02	3179	1	1
49	1	29	2	2	1	41	26	5	3	5	1	1	2	2	3.500000e+00	4.260000e+02	3857	1	2
49	1	30	2	2	2	39	21	2	4	2	1	1	2	2	4.690000e+00	4.306900e+02	2517	1	1
49	1	31	2	1	1	47	25	3	4	4	2	1	2	2	4.030000e+00	4.347200e+02	1862	1	2
49	1	32	2	1	2	18	44	4	3	3	2	1	2	2	3.430000e+00	4.381500e+02	4336	1	1
49	1	33	2	1	3	1	30	3	2	2	2	1	2	2	3.980000e+00	4.421300e+02	3512	1	1
49	1	34	2	1	4	37	3	3	5	5	2	1	2	2	3.470000e+00	4.456000e+02	2586	1	1
49	1	35	2	2	1	9	51	3	4	3	1	1	2	2	3.360000e+00	4.489600e+02	1864	1	2
49	1	36	2	2	2	16	37	3	4	3	1	1	2	2	3.880000e+00	4.528400e+02	2994	1	1
49	1	37	2	2	3	32	53	5	3	5	1	1	2	2	4.450000e+00	4.572900e+02	2040	1	1
49	1	38	2	2	4	51	11	4	3	4	1	1	2	2	4.060000e+00	4.613500e+02	1885	1	1
49	1	39	2	2	5	31	7	5	2	5	1	1	2	2	4.310000e+00	4.656600e+02	3615	1	1
49	1	40	2	2	6	39	1	5	4	5	1	1	2	2	3.450000e+00	4.691100e+02	2571	1	1
49	1	41	2	1	1	3	52	3	4	4	2	1	2	2	3.780000e+00	4.728900e+02	2321	1	2
49	1	42	2	1	2	40	41	4	5	5	2	1	2	2	3.880000e+00	4.767700e+02	3474	1	1
49	1	43	2	2	1	48	3	2	5	2	1	1	2	2	3.430000e+00	4.802000e+02	1709	1	2
49	1	44	2	2	2	26	28	4	3	4	1	1	2	2	3.380000e+00	4.835800e+02	1430	1	1
49	1	45	2	1	1	51	1	5	4	4	2	1	2	2	4.440000e+00	4.880200e+02	1978	1	2
49	1	46	2	1	2	34	41	2	5	5	2	1	2	2	4.010000e+00	4.920300e+02	2481	1	1
49	1	47	2	1	3	8	25	4	5	5	2	1	2	2	3.700000e+00	4.957300e+02	5794	1	1
49	1	48	2	1	4	48	10	2	4	4	2	1	2	2	4.380000e+00	5.001100e+02	1393	1	1
49	1	49	2	1	5	10	38	5	2	2	2	1	2	2	4.110000e+00	5.042200e+02	3134	1	1
49	1	50	2	1	6	43	40	2	3	3	2	1	2	2	3.530000e+00	5.077500e+02	2894	1	1
49	1	51	2	2	1	42	43	4	5	4	1	1	2	2	4.630000e+00	5.123800e+02	2903	1	2
49	1	52	2	2	2	1	31	2	3	2	1	1	2	2	4.140000e+00	5.165200e+02	1929	1	1
49	1	53	2	2	3	23	4	3	2	3	1	1	2	2	4.700000e+00	5.212200e+02	3745	1	1
49	1	54	2	2	4	2	38	4	2	4	1	1	2	2	4.540000e+00	5.257600e+02	2737	1	1
49	1	55	2	1	1	4	26	5	4	4	2	1	2	2	3.680000e+00	5.294400e+02	1866	1	2
49	1	56	2	1	2	1	39	3	5	5	2	1	2	2	3.390000e+00	5.328300e+02	3685	1	1
49	1	57	2	1	3	39	10	3	2	2	2	1	2	2	3.970000e+00	5.368000e+02	1254	1	1
49	1	58	2	2	1	44	18	2	5	2	1	1	2	2	3.840000e+00	5.406400e+02	3194	1	2
49	1	59	2	2	2	8	50	5	2	5	1	1	2	2	3.600000e+00	5.442400e+02	2664	1	1
49	1	60	2	2	3	23	54	4	5	4	1	1	2	2	4.230000e+00	5.484700e+02	3115	1	1
49	1	61	2	1	1	42	51	2	3	3	2	1	2	2	4.700000e+00	5.531700e+02	2937	1	2
49	1	62	2	1	2	2	24	5	4	5	1	1	1	1	1.940000e+00	5.551100e+02	4651	0	2
49	1	63	2	2	1	39	48	4	3	4	1	1	2	2	3.600000e+00	5.587100e+02	3702	1	1
49	1	64	2	1	1	36	8	2	3	3	2	1	2	2	3.880000e+00	5.625900e+02	3591	1	2
49	1	65	2	1	2	23	52	2	4	4	2	1	2	2	4.310000e+00	5.669000e+02	1885	1	1
49	1	66	2	1	3	1	21	4	5	5	2	1	2	2	3.600000e+00	5.705000e+02	2823	1	1
49	1	67	2	1	4	46	9	5	3	3	2	1	2	2	3.430000e+00	5.739300e+02	4180	1	1
49	1	68	2	1	5	30	27	2	3	3	2	1	2	2	3.940000e+00	5.778700e+02	1290	1	1
49	1	69	2	2	1	39	7	5	4	5	1	1	2	2	3.970000e+00	5.818400e+02	3252	1	2
49	1	70	2	2	2	36	27	5	2	5	1	1	2	2	4.230000e+00	5.860700e+02	2480	1	1
49	1	71	2	2	3	19	10	2	5	2	1	1	2	2	3.720000e+00	5.897900e+02	2569	1	1
49	1	72	2	2	4	9	44	4	5	4	1	1	2	2	3.930000e+00	5.937200e+02	2560	1	1
49	1	73	2	2	5	28	25	3	2	3	1	1	2	2	3.800000e+00	5.975200e+02	2416	1	1
49	1	74	2	1	1	5	19	5	2	2	2	1	2	2	3.960000e+00	6.014800e+02	3189	1	2
49	1	75	2	2	1	45	38	4	2	4	1	1	2	2	4.720000e+00	6.062000e+02	4866	1	2
49	1	76	2	2	2	32	30	4	2	4	1	1	2	2	3.710000e+00	6.099100e+02	2133	1	1
49	1	77	2	2	3	51	39	5	3	5	1	1	2	2	3.370000e+00	6.132800e+02	1357	1	1
49	1	78	2	2	4	47	4	5	4	5	1	1	2	2	4.220000e+00	6.175000e+02	2420	1	1
49	1	79	2	2	5	9	38	2	3	2	1	1	2	2	3.570000e+00	6.210700e+02	1201	1	1
49	1	80	2	2	6	32	4	2	4	2	1	1	2	2	4.020000e+00	6.250900e+02	2214	1	1
49	1	81	2	1	1	28	37	4	2	4	1	1	1	1	1.930000e+00	6.270200e+02	2627	0	1
49	1	82	2	1	2	16	12	2	4	4	2	1	2	2	4.250000e+00	6.312700e+02	3671	1	2
49	1	83	2	1	3	38	36	3	5	5	2	1	2	2	4.260000e+00	6.355300e+02	4002	1	1
49	1	84	2	1	4	18	41	3	5	5	2	1	2	2	3.900000e+00	6.394300e+02	2663	1	1
49	1	1	3	2	1	31	11	5	3	5	1	1	2	2	3.030000e+00	6.424600e+02	1954	1	NaN
49	1	2	3	2	2	22	16	4	3	4	1	1	2	2	4.060000e+00	6.465200e+02	3098	1	1
49	1	3	3	2	3	24	22	4	5	4	1	1	2	2	4.750000e+00	6.512700e+02	1411	1	1
49	1	4	3	2	4	18	28	2	3	2	1	1	2	2	4.480000e+00	6.557500e+02	2809	1	1
49	1	5	3	1	1	24	31	5	4	4	2	1	2	2	3.260000e+00	6.590100e+02	3774	1	2
49	1	6	3	2	1	34	25	4	3	4	1	1	2	2	3.960000e+00	6.629700e+02	2941	1	2
49	1	7	3	1	1	27	51	5	4	4	2	1	2	2	3.680000e+00	6.666500e+02	3933	1	2
49	1	8	3	1	2	6	38	2	4	4	2	1	2	2	3.520000e+00	6.701700e+02	2772	1	1
49	1	9	3	1	3	31	49	5	2	2	2	1	2	2	3.420000e+00	6.735900e+02	4179	1	1
49	1	10	3	1	4	8	27	3	4	4	2	1	2	2	4.140000e+00	6.777300e+02	2833	1	1
49	1	11	3	1	5	47	26	4	5	5	2	1	2	2	3.800000e+00	6.815300e+02	1925	1	1
49	1	12	3	2	1	20	19	3	4	3	1	1	2	2	4.030000e+00	6.855600e+02	3254	1	2
49	1	13	3	2	2	36	19	3	5	2	0	0	0	0	0	6.855600e+02	3825	NaN	NaN
49	1	14	3	2	3	14	45	2	3	2	1	1	2	2	3.830000e+00	6.893900e+02	2337	1	NaN
49	1	15	3	2	4	5	51	4	5	4	1	1	2	2	3.780000e+00	6.931700e+02	3793	1	1
49	1	16	3	2	5	42	31	3	4	3	1	1	2	2	4.170000e+00	6.973400e+02	2727	1	1
49	1	17	3	1	1	21	24	3	2	3	1	1	1	1	2.090000e+00	6.994300e+02	3928	0	1
49	1	18	3	1	2	21	29	5	2	2	2	1	2	2	5	7.044300e+02	1912	1	2
49	1	19	3	2	1	26	39	5	2	2	2	1	1	1	1.840000e+00	7.062700e+02	4298	0	1
49	1	20	3	2	2	19	34	3	4	3	1	1	2	2	3.520000e+00	7.097900e+02	2507	1	2
49	1	21	3	2	3	24	3	4	2	4	1	1	2	2	4.490000e+00	7.142800e+02	2620	1	1
49	1	22	3	2	4	30	53	2	4	2	1	1	2	2	3.820000e+00	7.181000e+02	1417	1	1
49	1	23	3	2	5	17	36	4	2	4	1	1	2	2	3.350000e+00	7.214500e+02	2998	1	1
49	1	24	3	2	6	40	32	4	3	4	1	1	2	2	4.150000e+00	7.256000e+02	2435	1	1
49	1	25	3	1	1	11	18	5	4	5	1	1	1	1	2.180000e+00	7.277800e+02	1023	0	1
49	1	26	3	1	2	17	3	4	5	5	2	1	2	2	4.330000e+00	7.321100e+02	3140	1	2
49	1	27	3	1	3	27	21	2	5	5	2	1	2	2	4.920000e+00	7.370300e+02	2547	1	1
49	1	28	3	1	4	7	2	2	5	5	2	1	2	2	4.240000e+00	7.412700e+02	1612	1	1
49	1	29	3	2	1	44	47	3	2	3	1	1	2	2	4.880000e+00	7.461500e+02	2504	1	2
49	1	30	3	2	2	26	3	2	5	2	1	1	2	2	3.840000e+00	7.499900e+02	1977	1	1
49	1	31	3	1	1	2	36	2	5	5	2	1	2	2	3.460000e+00	7.534500e+02	3232	1	2
49	1	32	3	1	2	4	9	2	4	4	2	1	2	2	3.900000e+00	7.573500e+02	2372	1	1
49	1	33	3	1	3	28	45	4	3	3	2	1	2	2	4.560000e+00	7.619100e+02	2099	1	1
49	1	34	3	1	4	52	44	4	2	2	2	1	2	2	3.470000e+00	7.653800e+02	4012	1	1
49	1	35	3	1	5	22	16	5	3	3	2	1	2	2	4.300000e+00	7.696800e+02	4881	1	1
49	1	36	3	1	6	8	25	5	4	4	2	1	2	2	3.720000e+00	7.734000e+02	2635	1	1
49	1	37	3	2	1	9	16	3	2	3	1	1	2	2	4.260000e+00	7.776600e+02	2255	1	2
49	1	38	3	2	2	44	52	3	2	3	1	1	2	2	3.480000e+00	7.811400e+02	2450	1	1
49	1	39	3	2	3	45	40	5	2	5	1	1	2	2	4.040000e+00	7.851800e+02	1533	1	1
49	1	40	3	1	1	20	6	3	2	2	2	1	2	2	3.060000e+00	7.882400e+02	3854	1	2
49	1	41	3	1	2	1	20	3	4	4	2	1	2	2	3.770000e+00	7.920100e+02	4729	1	1
49	1	42	3	1	3	11	52	3	2	2	2	1	2	2	4.220000e+00	7.962300e+02	4001	1	1
49	1	43	3	2	1	50	23	5	4	5	1	1	2	2	3.850000e+00	8.000800e+02	1550	1	2
49	1	44	3	2	2	17	49	2	4	2	1	1	2	2	4.580000e+00	8.046600e+02	2670	1	1
49	1	45	3	2	3	36	54	5	2	5	1	1	2	2	3.700000e+00	8.083600e+02	3536	1	1
49	1	46	3	2	4	47	8	5	4	5	1	1	2	2	2.900000e+00	8.112600e+02	1408	1	1
49	1	47	3	1	1	15	30	2	4	4	2	1	2	2	3.420000e+00	8.146800e+02	4349	1	2
49	1	48	3	1	2	3	13	5	3	3	2	1	2	2	4.500000e+00	8.191800e+02	2188	1	1
49	1	49	3	1	3	24	3	4	3	3	2	1	2	2	3.950000e+00	8.231300e+02	3194	1	1
49	1	50	3	1	4	7	8	2	5	5	2	1	2	2	4.180000e+00	8.273100e+02	2872	1	1
49	1	51	3	2	1	48	42	4	2	4	1	1	2	2	4.440000e+00	8.317500e+02	1731	1	2
49	1	52	3	2	2	3	26	5	3	5	1	1	2	2	3	8.347500e+02	3515	1	1
49	1	53	3	2	3	24	54	3	5	3	1	1	2	2	3.700000e+00	8.384500e+02	1988	1	1
49	1	54	3	2	4	41	17	5	2	5	1	1	2	2	3.670000e+00	8.421200e+02	3665	1	1
49	1	55	3	2	5	16	8	3	5	3	1	1	2	2	3.520000e+00	8.456400e+02	2868	1	1
49	1	56	3	2	6	37	47	4	5	4	1	1	2	2	3.910000e+00	8.495500e+02	3079	1	1
49	1	57	3	1	1	41	34	3	4	4	2	1	2	2	4.720000e+00	8.542700e+02	3426	1	2
49	1	58	3	1	2	17	47	2	3	3	2	1	2	2	3.980000e+00	8.582500e+02	2158	1	1
49	1	59	3	1	3	3	23	4	2	2	2	1	2	2	4.580000e+00	8.628300e+02	4253	1	1
49	1	60	3	2	1	30	25	2	3	2	1	1	2	2	3.670000e+00	8.665000e+02	6024	1	2
49	1	61	3	2	2	10	41	4	5	4	1	1	2	2	4	8.705000e+02	1934	1	1
49	1	62	3	2	3	16	46	4	3	4	1	1	2	2	3.630000e+00	8.741300e+02	3205	1	1
49	1	63	3	2	4	30	18	2	3	2	1	1	2	2	4.280000e+00	8.784100e+02	1322	1	1
49	1	64	3	2	5	44	27	2	3	2	1	1	2	2	3.880000e+00	8.822900e+02	2051	1	1
49	1	65	3	1	1	24	41	3	5	5	2	1	2	2	4.230000e+00	8.865200e+02	3463	1	2
49	1	66	3	1	2	27	13	4	5	5	2	1	2	2	4.310000e+00	8.908300e+02	1745	1	1
49	1	67	3	2	1	3	44	3	5	3	1	1	2	2	3.960000e+00	8.947900e+02	4097	1	2
49	1	68	3	2	2	4	3	4	2	4	1	1	2	2	4.420000e+00	8.992100e+02	5931	1	1
49	1	69	3	2	3	20	34	2	5	2	1	1	2	2	5.090000e+00	9.043000e+02	2914	1	1
49	1	70	3	1	1	8	50	5	2	5	1	1	1	1	2.060000e+00	9.063600e+02	2059	0	1
49	1	71	3	1	2	1	14	3	4	4	2	1	2	2	3.990000e+00	9.103500e+02	4822	1	2
49	1	72	3	1	3	36	5	3	5	5	2	1	2	2	4.430000e+00	9.147800e+02	4010	1	1
49	1	73	3	1	4	46	2	3	2	2	2	1	2	2	4.030000e+00	9.188100e+02	3391	1	1
49	1	74	3	1	5	52	48	2	4	4	2	1	2	2	3.480000e+00	9.222900e+02	2877	1	1
49	1	75	3	1	6	15	20	2	5	5	2	1	2	2	4.230000e+00	9.265200e+02	5272	1	1
49	1	76	3	2	1	39	36	4	3	4	1	1	2	2	4	9.305200e+02	2987	1	2
49	1	77	3	1	1	9	11	5	4	4	2	1	2	2	3.870000e+00	9.343900e+02	1585	1	2
49	1	78	3	1	2	41	37	5	3	3	2	1	2	2	4.600000e+00	9.389900e+02	3070	1	1
49	1	79	3	1	3	47	30	2	3	3	2	1	2	2	4.880000e+00	9.438700e+02	5033	1	1
49	1	80	3	1	4	12	41	5	3	3	2	1	2	2	3.750000e+00	9.476200e+02	4190	1	1
49	1	81	3	1	5	43	31	3	5	5	2	1	2	2	4.050000e+00	9.516700e+02	1627	1	1
49	1	82	3	2	1	54	41	2	4	2	1	1	2	2	3.620000e+00	9.552900e+02	1544	1	2
49	1	83	3	2	2	16	48	5	3	5	1	1	2	2	4.320000e+00	9.596100e+02	2903	1	1
49	1	84	3	1	1	41	9	4	2	2	2	1	2	2	2.890000e+00	9.625000e+02	2168	1	2
49	1	1	4	2	1	41	23	4	2	4	1	1	2	2	4.470000e+00	9.669700e+02	2966	1	NaN
49	1	2	4	2	2	8	29	3	5	3	1	1	2	2	4.100000e+00	9.710700e+02	2364	1	1
49	1	3	4	2	3	15	44	2	3	2	1	1	2	2	4.120000e+00	9.751900e+02	2955	1	1
49	1	4	4	2	4	8	23	5	3	5	1	1	2	2	4.570000e+00	9.797600e+02	3434	1	1
49	1	5	4	1	1	36	1	3	5	5	2	1	2	2	3.870000e+00	9.836300e+02	3878	1	2
49	1	6	4	1	2	13	39	2	4	4	2	1	2	2	3.940000e+00	9.875700e+02	3457	1	1
49	1	7	4	2	1	28	21	4	2	4	1	1	2	2	3.400000e+00	9.909700e+02	1933	1	2
49	1	8	4	2	2	6	17	2	5	2	1	1	2	2	3.220000e+00	9.941900e+02	4460	1	1
49	1	9	4	2	3	43	50	5	4	5	1	1	2	2	3.670000e+00	9.978600e+02	3248	1	1
49	1	10	4	2	4	13	25	5	4	5	1	1	2	2	4.130000e+00	1.001990e+03	1890	1	1
49	1	11	4	2	5	15	37	4	3	4	1	1	2	2	3.740000e+00	1.005730e+03	1780	1	1
49	1	12	4	2	6	22	29	4	3	4	1	1	2	2	3.370000e+00	1.009100e+03	1906	1	1
49	1	13	4	1	1	51	5	2	5	5	2	1	2	2	4.510000e+00	1.013610e+03	2460	1	2
49	1	14	4	1	2	15	2	3	5	5	2	1	2	2	3.660000e+00	1.017270e+03	2143	1	1
49	1	15	4	1	3	11	28	4	3	3	2	1	2	2	3.990000e+00	1.021260e+03	1871	1	1
49	1	16	4	1	4	38	2	2	4	4	2	1	2	2	4	1.025260e+03	3242	1	1
49	1	17	4	1	5	36	7	2	4	4	2	1	2	2	3.880000e+00	1.029140e+03	2838	1	1
49	1	18	4	1	6	17	40	3	4	4	2	1	2	2	4.190000e+00	1.033330e+03	2682	1	1
49	1	19	4	2	1	37	16	3	5	5	2	1	1	1	1.970000e+00	1.035300e+03	5868	0	1
49	1	20	4	2	2	37	7	5	2	5	1	1	2	2	3.220000e+00	1.038520e+03	2918	1	2
49	1	21	4	2	3	46	12	5	2	5	1	1	2	2	3.520000e+00	1.042040e+03	1695	1	1
49	1	22	4	2	4	32	5	2	3	2	1	1	2	2	4.110000e+00	1.046150e+03	2264	1	1
49	1	23	4	2	5	27	40	4	5	4	1	1	2	2	3.410000e+00	1.049560e+03	1387	1	1
49	1	24	4	1	1	28	9	3	4	4	2	1	2	2	3.840000e+00	1.053400e+03	2449	1	2
49	1	25	4	1	2	20	54	2	4	4	2	1	2	2	3.560000e+00	1.056960e+03	2164	1	1
49	1	26	4	1	3	38	24	4	5	5	2	1	2	2	3.450000e+00	1.060410e+03	4683	1	1
49	1	27	4	1	4	49	21	5	3	3	2	1	2	2	3.520000e+00	1.063930e+03	2157	1	1
49	1	28	4	1	5	37	20	3	2	2	2	1	2	2	3.810000e+00	1.067740e+03	2780	1	1
49	1	29	4	2	1	31	15	3	4	3	1	1	2	2	4.080000e+00	1.071820e+03	4747	1	2
49	1	30	4	1	1	48	53	5	2	2	2	1	2	2	3.950000e+00	1.075770e+03	3770	1	2
49	1	31	4	1	2	18	31	4	2	2	2	1	2	2	4.500000e+00	1.080270e+03	3240	1	1
49	1	32	4	1	3	29	4	4	3	3	2	1	2	2	3.880000e+00	1.084150e+03	3812	1	1
49	1	33	4	2	1	29	23	3	2	3	1	1	2	2	3.280000e+00	1.087430e+03	1921	1	2
49	1	34	4	2	2	24	3	3	4	3	1	1	2	2	4	1.091430e+03	3450	1	1
49	1	35	4	1	1	40	54	3	2	2	2	1	2	2	4.030000e+00	1.095460e+03	4061	1	2
49	1	36	4	1	2	45	15	4	5	5	2	1	2	2	4.150000e+00	1.099610e+03	4473	1	1
49	1	37	4	1	3	22	24	5	3	3	2	1	2	2	4.240000e+00	1.103850e+03	2292	1	1
49	1	38	4	1	4	9	28	3	5	5	2	1	2	2	4.600000e+00	1.108450e+03	1285	1	1
49	1	39	4	2	1	15	53	4	2	4	1	1	2	2	3.740000e+00	1.112190e+03	3935	1	2
49	1	40	4	2	2	24	42	2	4	2	1	1	2	2	4.120000e+00	1.116310e+03	1393	1	1
49	1	41	4	2	3	23	12	5	3	5	1	1	2	2	3.990000e+00	1.120300e+03	2110	1	1
49	1	42	4	1	1	54	40	5	2	2	2	1	2	2	3.730000e+00	1.124030e+03	3399	1	2
49	1	43	4	2	1	48	11	4	2	4	1	1	2	2	5.010000e+00	1.129040e+03	2492	1	2
49	1	44	4	2	2	51	46	3	5	2	0	0	0	0	0	1.129040e+03	2046	NaN	NaN
49	1	45	4	2	3	7	41	2	3	2	1	1	2	2	3.880000e+00	1.132920e+03	2703	1	NaN
49	1	46	4	2	4	35	52	4	5	4	1	1	2	2	3.340000e+00	1.136260e+03	2424	1	1
49	1	47	4	2	5	14	8	2	3	2	1	1	2	2	4.830000e+00	1.141090e+03	1542	1	1
49	1	48	4	2	6	4	53	2	3	2	1	1	2	2	4.150000e+00	1.145240e+03	3292	1	1
49	1	49	4	1	1	9	18	5	4	4	2	1	2	2	3.470000e+00	1.148710e+03	3286	1	2
49	1	50	4	1	2	10	31	5	4	4	2	1	2	2	4.290000e+00	1.153000e+03	2121	1	1
49	1	51	4	2	1	43	33	2	3	2	1	1	2	2	4.600000e+00	1.157600e+03	3697	1	2
49	1	52	4	1	1	26	52	3	4	4	2	1	2	2	3.580000e+00	1.161180e+03	3786	1	2
49	1	53	4	1	2	27	19	3	5	5	2	1	2	2	4.060000e+00	1.165240e+03	2728	1	1
49	1	54	4	1	3	50	2	2	5	5	2	1	2	2	3.930000e+00	1.169170e+03	3809	1	1
49	1	55	4	1	4	38	23	4	3	3	2	1	2	2	3.450000e+00	1.172620e+03	3677	1	1
49	1	56	4	1	5	45	11	5	4	4	2	1	2	2	4.560000e+00	1.177180e+03	1408	1	1
49	1	57	4	1	6	18	52	2	5	5	2	1	2	2	3.990000e+00	1.181170e+03	1493	1	1
49	1	58	4	2	1	54	9	2	5	2	1	1	2	2	4.250000e+00	1.185420e+03	5239	1	2
49	1	59	4	2	2	54	29	3	2	3	1	1	2	2	3.660000e+00	1.189080e+03	4900	1	1
49	1	60	4	2	3	16	40	3	2	3	1	1	2	2	3.690000e+00	1.192770e+03	3836	1	1
49	1	61	4	1	1	42	40	4	5	5	2	1	2	2	4.150000e+00	1.196920e+03	4329	1	2
49	1	62	4	1	2	51	47	5	4	4	2	1	2	2	4.050000e+00	1.200970e+03	2378	1	1
49	1	63	4	1	3	27	33	2	5	5	2	1	2	2	4.870000e+00	1.205840e+03	2247	1	1
49	1	64	4	1	4	30	22	4	3	3	2	1	2	2	3.870000e+00	1.209710e+03	3938	1	1
49	1	65	4	2	1	11	15	2	3	2	1	1	2	2	5.040000e+00	1.214750e+03	1554	1	2
49	1	66	4	2	2	28	14	2	4	2	1	1	2	2	4.710000e+00	1.219460e+03	1041	1	1
49	1	67	4	2	3	2	16	3	2	3	1	1	2	2	3.080000e+00	1.222540e+03	3437	1	1
49	1	68	4	2	4	8	31	3	2	3	1	1	2	2	3.210000e+00	1.225750e+03	1721	1	1
49	1	69	4	1	1	11	22	2	5	5	2	1	2	2	3.730000e+00	1.229480e+03	2234	1	2
49	1	70	4	1	2	48	10	5	2	2	2	1	2	2	3.910000e+00	1.233390e+03	1142	1	1
49	1	71	4	1	3	21	50	5	2	2	2	1	2	2	4	1.237390e+03	1542	1	1
49	1	72	4	2	1	40	23	3	4	3	1	1	2	2	4.390000e+00	1.241780e+03	3574	1	2
49	1	73	4	2	2	40	9	5	3	5	1	1	2	2	3.660000e+00	1.245440e+03	3076	1	1
49	1	74	4	1	1	25	45	2	4	4	2	1	2	2	3.660000e+00	1.249100e+03	3279	1	2
49	1	75	4	2	1	45	31	5	2	5	1	1	2	2	3.910000e+00	1.253010e+03	2297	1	2
49	1	76	4	2	2	40	4	5	3	5	1	1	2	2	3.990000e+00	1.257000e+03	2091	1	1
49	1	77	4	2	3	3	19	3	4	3	1	1	2	2	4.130000e+00	1.261130e+03	3788	1	1
49	1	78	4	2	4	37	3	5	4	5	1	1	2	2	4.500000e+00	1.265630e+03	2267	1	1
49	1	79	4	2	5	48	5	5	3	5	1	1	2	2	4.290000e+00	1.269920e+03	1485	1	1
49	1	80	4	1	1	11	30	4	2	4	1	1	1	1	1.790000e+00	1.271710e+03	1375	0	1
49	1	81	4	1	2	14	51	4	5	5	2	1	2	2	4.330000e+00	1.276040e+03	1694	1	2
49	1	82	4	1	3	41	38	4	3	3	2	1	2	2	4.380000e+00	1.280420e+03	3360	1	1
49	1	83	4	1	4	10	8	4	2	2	2	1	2	2	4.300000e+00	1.284720e+03	4511	1	1
49	1	84	4	1	5	19	16	4	5	5	2	1	2	2	4.620000e+00	1.289340e+03	1961	1	1
