LEDISAS2	Code = 28	
SubNo	Group(1=OHRHV,SLRLV; 2=OHRLV,SLRHV; 3=OLRHV,SHRLV, 4 = OLRLV,SHRHV)	Block_trial	Block	VarDist_cond	Run_number	Targ1_position	Targ2_position	Red_targ_digit	Blue_targ_digit	Response	Targ_Choice	Acc	RewardOutcome(0=inaccurate;1=lowReward;2=highReward)	VarianceOutcome(0=inaccurate; 1=lowVariance; 2=highVariance)	OutcomeValue	Points	RT	Optimal_Choice	Repeat_Switch
28	4	1	0	1	1	36	22	3	2	2	2	1	NaN	NaN	0	0	4152	1	NaN
28	4	2	0	1	2	47	4	2	3	3	2	1	NaN	NaN	0	0	3277	1	1
28	4	3	0	1	3	45	38	4	3	3	2	1	NaN	NaN	0	0	2512	1	1
28	4	4	0	1	4	38	32	2	4	4	2	1	NaN	NaN	0	0	5465	1	1
28	4	5	0	1	5	28	48	4	2	2	2	1	NaN	NaN	0	0	1317	1	1
28	4	6	0	1	6	6	11	5	4	4	2	1	NaN	NaN	0	0	3980	1	1
28	4	7	0	2	1	44	16	4	2	3	0	0	NaN	NaN	0	0	2755	NaN	NaN
28	4	8	0	2	2	5	54	4	3	3	2	1	NaN	NaN	0	0	2575	0	NaN
28	4	9	0	1	1	27	5	4	5	5	2	1	NaN	NaN	0	0	3526	1	1
28	4	10	0	1	2	3	11	4	3	3	2	1	NaN	NaN	0	0	2558	1	1
28	4	1	1	1	1	44	4	5	2	2	2	1	1	1	1.950000e+00	1.950000e+00	1191	1	NaN
28	4	2	1	1	2	19	18	2	3	3	2	1	1	1	1.800000e+00	3.750000e+00	1821	1	1
28	4	3	1	1	3	42	33	4	5	5	2	1	1	1	2.010000e+00	5.760000e+00	3186	1	1
28	4	4	1	1	4	15	39	4	2	2	2	1	1	1	2.030000e+00	7.790000e+00	2097	1	1
28	4	5	1	1	5	46	39	2	4	4	2	1	1	1	1.860000e+00	9.650000e+00	2281	1	1
28	4	6	1	1	6	15	6	3	5	5	2	1	1	1	2.140000e+00	1.179000e+01	1459	1	1
28	4	7	1	2	1	27	12	2	5	5	2	1	2	2	4.560000e+00	1.635000e+01	1111	0	1
28	4	8	1	2	2	19	29	4	2	2	2	1	2	2	3.980000e+00	2.033000e+01	2712	0	1
28	4	9	1	1	1	35	53	5	2	2	2	1	1	1	2.040000e+00	2.237000e+01	2073	1	1
28	4	10	1	1	2	24	23	5	2	2	2	1	1	1	2.020000e+00	2.439000e+01	1444	1	1
28	4	11	1	2	1	27	34	3	2	2	2	1	2	2	3.910000e+00	2.830000e+01	1463	0	1
28	4	12	1	2	2	14	46	4	3	3	2	1	2	2	4.340000e+00	3.264000e+01	2346	0	1
28	4	13	1	2	3	25	4	3	4	4	2	1	2	2	3.720000e+00	3.636000e+01	2497	0	1
28	4	14	1	2	4	43	23	2	5	5	2	1	2	2	5.030000e+00	4.139000e+01	2019	0	1
28	4	15	1	1	1	50	19	3	5	5	2	1	1	1	1.980000e+00	4.337000e+01	1559	1	1
28	4	16	1	2	1	47	51	2	4	4	2	1	2	2	4.050000e+00	4.742000e+01	4159	0	1
28	4	17	1	2	2	28	23	3	2	2	2	1	2	2	4.500000e+00	5.192000e+01	3581	0	1
28	4	18	1	2	3	5	21	5	4	4	2	1	2	2	4.030000e+00	5.595000e+01	1659	0	1
28	4	19	1	2	4	1	18	5	2	2	2	1	2	2	3.950000e+00	5.990000e+01	1799	0	1
28	4	20	1	2	5	37	17	5	4	4	2	1	2	2	3.610000e+00	6.351000e+01	3476	0	1
28	4	21	1	2	6	40	48	2	4	4	2	1	2	2	4.140000e+00	6.765000e+01	3238	0	1
28	4	22	1	1	1	6	36	5	2	2	2	1	1	1	1.840000e+00	6.949000e+01	1539	1	1
28	4	23	1	1	2	42	6	4	3	3	2	1	1	1	2.080000e+00	7.157000e+01	1755	1	1
28	4	24	1	1	3	27	52	3	5	5	2	1	1	1	2.190000e+00	7.376000e+01	2210	1	1
28	4	25	1	1	4	2	9	5	3	4	0	0	0	0	0	7.376000e+01	4055	NaN	NaN
28	4	26	1	1	5	25	36	5	4	4	2	1	1	1	1.920000e+00	7.568000e+01	1367	1	NaN
28	4	27	1	2	1	1	18	4	5	5	2	1	2	2	4.400000e+00	8.008000e+01	1318	0	1
28	4	28	1	2	2	41	7	4	3	3	2	1	2	2	4.590000e+00	8.467000e+01	5334	0	1
28	4	29	1	2	3	11	18	2	3	3	2	1	2	2	3.250000e+00	8.792000e+01	1662	0	1
28	4	30	1	2	4	10	2	3	5	5	2	1	2	2	3.320000e+00	9.124000e+01	4121	0	1
28	4	31	1	2	5	15	8	5	4	4	2	1	2	2	4.270000e+00	9.551000e+01	1274	0	1
28	4	32	1	1	1	32	24	4	3	3	2	1	1	1	1.950000e+00	9.746000e+01	1125	1	1
28	4	33	1	1	2	37	14	3	4	4	2	1	1	1	2.080000e+00	9.954000e+01	2085	1	1
28	4	34	1	1	3	43	54	3	5	5	2	1	1	1	2.100000e+00	1.016400e+02	2087	1	1
28	4	35	1	2	1	13	16	4	2	2	2	1	2	2	4.340000e+00	1.059800e+02	1561	0	1
28	4	36	1	1	1	35	48	4	3	3	2	1	1	1	2.150000e+00	1.081300e+02	2208	1	1
28	4	37	1	1	2	25	52	2	5	5	2	1	1	1	2.080000e+00	1.102100e+02	2366	1	1
28	4	38	1	1	3	29	53	2	5	5	2	1	1	1	2.140000e+00	1.123500e+02	3172	1	1
28	4	39	1	1	4	24	50	2	5	5	2	1	1	1	1.860000e+00	1.142100e+02	3187	1	1
28	4	40	1	2	1	53	14	5	4	4	2	1	2	2	3.990000e+00	1.182000e+02	3113	0	1
28	4	41	1	2	2	42	37	4	5	5	2	1	2	2	3.930000e+00	1.221300e+02	3393	0	1
28	4	42	1	2	3	45	9	5	3	3	2	1	2	2	3.240000e+00	1.253700e+02	1175	0	1
28	4	43	1	1	1	18	17	2	3	3	2	1	1	1	2.030000e+00	1.274000e+02	1526	1	1
28	4	44	1	1	2	7	50	3	2	2	2	1	1	1	1.880000e+00	1.292800e+02	1678	1	1
28	4	45	1	1	3	15	11	2	4	4	2	1	1	1	2.170000e+00	1.314500e+02	2353	1	1
28	4	46	1	2	1	3	30	3	2	2	2	1	2	2	3.620000e+00	1.350700e+02	3057	0	1
28	4	47	1	2	2	16	19	3	2	2	2	1	2	2	4.250000e+00	1.393200e+02	2364	0	1
28	4	48	1	2	3	41	5	2	3	3	2	1	2	2	4.100000e+00	1.434200e+02	1090	0	1
28	4	49	1	2	4	11	7	4	5	5	2	1	2	2	3.570000e+00	1.469900e+02	1037	0	1
28	4	50	1	2	5	53	28	2	5	5	2	1	2	2	2.980000e+00	1.499700e+02	3560	0	1
28	4	51	1	1	1	36	39	3	5	5	2	1	1	1	1.990000e+00	1.519600e+02	1416	1	1
28	4	52	1	1	2	51	46	2	3	3	2	1	1	1	1.880000e+00	1.538400e+02	2779	1	1
28	4	53	1	1	3	53	27	5	4	4	2	1	1	1	2.070000e+00	1.559100e+02	817	1	1
28	4	54	1	1	4	39	52	5	3	3	2	1	1	1	2.060000e+00	1.579700e+02	1950	1	1
28	4	55	1	1	5	35	25	5	4	4	2	1	1	1	2.200000e+00	1.601700e+02	2117	1	1
28	4	56	1	2	1	47	49	2	4	4	2	1	2	2	4.280000e+00	1.644500e+02	2693	0	1
28	4	57	1	2	2	26	29	5	2	2	2	1	2	2	3.700000e+00	1.681500e+02	2976	0	1
28	4	58	1	2	3	11	31	3	2	2	2	1	2	2	4.180000e+00	1.723300e+02	3070	0	1
28	4	59	1	1	1	34	19	3	5	5	2	1	1	1	1.880000e+00	1.742100e+02	1561	1	1
28	4	60	1	1	2	18	25	2	5	5	2	1	1	1	2	1.762100e+02	1177	1	1
28	4	61	1	1	3	44	12	4	2	2	2	1	1	1	1.990000e+00	1.782000e+02	3359	1	1
28	4	62	1	1	4	26	10	4	3	3	2	1	1	1	2	1.802000e+02	1135	1	1
28	4	63	1	2	1	22	1	3	4	4	2	1	2	2	3.850000e+00	1.840500e+02	4423	0	1
28	4	64	1	2	2	17	15	4	2	2	2	1	2	2	4.520000e+00	1.885700e+02	1195	0	1
28	4	65	1	2	3	28	53	4	5	5	2	1	2	2	3.120000e+00	1.916900e+02	3665	0	1
28	4	66	1	2	4	16	54	2	3	3	2	1	2	2	4.200000e+00	1.958900e+02	1987	0	1
28	4	67	1	2	5	8	23	4	5	5	2	1	2	2	4.420000e+00	2.003100e+02	1113	0	1
28	4	68	1	2	6	23	24	4	2	2	2	1	2	2	4.340000e+00	2.046500e+02	3705	0	1
28	4	69	1	1	1	1	6	3	4	4	2	1	1	1	2.070000e+00	2.067200e+02	1595	1	1
28	4	70	1	1	2	2	35	3	4	4	2	1	1	1	2	2.087200e+02	1481	1	1
28	4	71	1	2	1	11	51	2	4	4	2	1	2	2	4.320000e+00	2.130400e+02	4691	0	1
28	4	72	1	2	2	28	31	5	2	2	2	1	2	2	4.270000e+00	2.173100e+02	2157	0	1
28	4	73	1	1	1	31	2	3	2	2	2	1	1	1	1.970000e+00	2.192800e+02	1012	1	1
28	4	74	1	1	2	39	9	3	4	4	2	1	1	1	1.960000e+00	2.212400e+02	1105	1	1
28	4	75	1	1	3	12	33	4	3	3	2	1	1	1	1.970000e+00	2.232100e+02	2691	1	1
28	4	76	1	1	4	29	5	3	4	4	2	1	1	1	1.830000e+00	2.250400e+02	2141	1	1
28	4	77	1	1	5	2	3	4	5	5	2	1	1	1	1.970000e+00	2.270100e+02	773	1	1
28	4	78	1	1	6	5	20	4	2	2	2	1	1	1	2.010000e+00	2.290200e+02	2093	1	1
28	4	79	1	2	1	2	42	5	3	3	2	1	2	2	4.150000e+00	2.331700e+02	1973	0	1
28	4	80	1	1	1	41	5	2	4	4	2	1	1	1	2.170000e+00	2.353400e+02	844	1	1
28	4	81	1	2	1	7	35	5	3	3	2	1	2	2	3.830000e+00	2.391700e+02	4240	0	1
28	4	82	1	2	2	2	46	2	3	3	2	1	2	2	4.290000e+00	2.434600e+02	4387	0	1
28	4	83	1	2	3	1	3	5	3	3	2	1	2	2	4.380000e+00	2.478400e+02	5306	0	1
28	4	84	1	2	4	12	31	5	3	3	2	1	2	2	4.440000e+00	2.522800e+02	2435	0	1
28	4	1	2	2	1	16	17	3	5	4	0	0	0	0	0	2.522800e+02	2640	NaN	NaN
28	4	2	2	2	2	22	33	5	3	3	2	1	2	2	3.530000e+00	2.558100e+02	1448	0	NaN
28	4	3	2	2	3	49	26	3	5	5	2	1	2	2	4.100000e+00	2.599100e+02	2451	0	1
28	4	4	2	2	4	54	40	4	2	2	2	1	2	2	4.110000e+00	2.640200e+02	2527	0	1
28	4	5	2	1	1	40	6	5	3	3	2	1	1	1	1.880000e+00	2.659000e+02	2479	1	1
28	4	6	2	2	1	38	49	2	5	5	2	1	2	2	3.650000e+00	2.695500e+02	3417	0	1
28	4	7	2	2	2	32	21	5	4	4	2	1	2	2	4.510000e+00	2.740600e+02	2158	0	1
28	4	8	2	2	3	43	41	2	5	5	2	1	2	2	3.940000e+00	278	2406	0	1
28	4	9	2	1	1	1	31	5	4	4	2	1	1	1	2.050000e+00	2.800500e+02	1858	1	1
28	4	10	2	1	2	11	2	3	2	2	2	1	1	1	2.010000e+00	2.820600e+02	878	1	1
28	4	11	2	1	3	47	20	4	3	4	1	1	2	2	3.700000e+00	2.857600e+02	1785	0	2
28	4	12	2	1	4	46	18	3	4	4	2	1	1	1	1.930000e+00	2.876900e+02	2310	1	2
28	4	13	2	1	5	49	3	2	4	4	2	1	1	1	2.050000e+00	2.897400e+02	1912	1	1
28	4	14	2	2	1	51	2	4	2	2	2	1	2	2	3.550000e+00	2.932900e+02	681	0	1
28	4	15	2	1	1	10	5	4	5	5	2	1	1	1	2.090000e+00	2.953800e+02	2123	1	1
28	4	16	2	1	2	8	21	2	4	4	2	1	1	1	2.070000e+00	2.974500e+02	2196	1	1
28	4	17	2	1	3	37	23	4	5	5	2	1	1	1	1.900000e+00	2.993500e+02	2273	1	1
28	4	18	2	1	4	50	24	4	3	3	2	1	1	1	1.970000e+00	3.013200e+02	3556	1	1
28	4	19	2	1	5	19	6	5	4	4	2	1	1	1	1.860000e+00	3.031800e+02	1427	1	1
28	4	20	2	1	6	53	34	5	2	2	2	1	1	1	1.740000e+00	3.049200e+02	2752	1	1
28	4	21	2	2	1	5	3	3	4	4	2	1	2	2	4.460000e+00	3.093800e+02	791	0	1
28	4	22	2	2	2	53	23	4	3	3	2	1	2	2	3.760000e+00	3.131400e+02	1637	0	1
28	4	23	2	1	1	19	28	5	4	4	2	1	1	1	2.040000e+00	3.151800e+02	3801	1	1
28	4	24	2	1	2	33	32	4	5	5	2	1	1	1	2.030000e+00	3.172100e+02	1558	1	1
28	4	25	2	1	3	9	2	2	3	4	0	0	0	0	0	3.172100e+02	1045	NaN	NaN
28	4	26	2	2	1	35	39	5	4	4	2	1	2	2	4.010000e+00	3.212200e+02	2165	0	NaN
28	4	27	2	2	2	23	54	3	4	4	2	1	2	2	3.530000e+00	3.247500e+02	2764	0	1
28	4	28	2	2	3	50	32	3	4	4	2	1	2	2	3.550000e+00	3.283000e+02	1275	0	1
28	4	29	2	2	4	38	36	2	4	4	2	1	2	2	3.820000e+00	3.321200e+02	3221	0	1
28	4	30	2	2	5	18	22	4	5	5	2	1	2	2	3.440000e+00	3.355600e+02	2658	0	1
28	4	31	2	1	1	53	28	3	5	5	2	1	1	1	1.880000e+00	3.374400e+02	1357	1	1
28	4	32	2	1	2	13	19	3	4	4	2	1	1	1	2.170000e+00	3.396100e+02	1317	1	1
28	4	33	2	2	1	37	36	3	2	2	2	1	2	2	4.030000e+00	3.436400e+02	1757	0	1
28	4	34	2	2	2	19	37	5	2	2	2	1	2	2	3.430000e+00	3.470700e+02	773	0	1
28	4	35	2	2	3	52	8	2	3	3	2	1	2	2	3.980000e+00	3.510500e+02	1779	0	1
28	4	36	2	2	4	49	30	3	5	5	2	1	2	2	3.470000e+00	3.545200e+02	1417	0	1
28	4	37	2	2	5	49	35	5	2	2	2	1	2	2	3.360000e+00	3.578800e+02	974	0	1
28	4	38	2	2	6	13	10	2	3	3	2	1	2	2	3.880000e+00	3.617600e+02	2829	0	1
28	4	39	2	1	1	18	44	3	2	2	2	1	1	1	2.110000e+00	3.638700e+02	1449	1	1
28	4	40	2	1	2	54	45	5	2	2	2	1	1	1	2.020000e+00	3.658900e+02	1508	1	1
28	4	41	2	1	3	2	10	2	4	4	2	1	1	1	2.080000e+00	3.679700e+02	3694	1	1
28	4	42	2	1	4	4	2	3	5	5	2	1	1	1	1.860000e+00	3.698300e+02	1487	1	1
28	4	43	2	2	1	14	38	3	4	4	2	1	2	2	3.780000e+00	3.736100e+02	1177	0	1
28	4	44	2	2	2	18	32	2	5	5	2	1	2	2	3.880000e+00	3.774900e+02	1104	0	1
28	4	45	2	2	3	14	12	2	4	4	2	1	2	2	3.430000e+00	3.809200e+02	3193	0	1
28	4	46	2	2	4	21	25	3	2	2	2	1	2	2	3.380000e+00	3.843000e+02	2495	0	1
28	4	47	2	2	5	54	26	3	4	4	2	1	2	2	4.440000e+00	3.887400e+02	3745	0	1
28	4	48	2	1	1	37	4	4	2	2	2	1	1	1	2	3.907400e+02	1984	1	1
28	4	49	2	1	2	9	17	4	5	5	2	1	1	1	1.920000e+00	3.926600e+02	1534	1	1
28	4	50	2	1	3	17	39	2	4	4	2	1	1	1	2.090000e+00	3.947500e+02	1022	1	1
28	4	51	2	1	4	48	44	2	3	3	2	1	1	1	2.030000e+00	3.967800e+02	3611	1	1
28	4	52	2	1	5	46	49	2	3	3	2	1	1	1	1.880000e+00	3.986600e+02	1304	1	1
28	4	53	2	1	6	3	49	4	3	3	2	1	1	1	2.160000e+00	4.008200e+02	1210	1	1
28	4	54	2	2	1	38	15	3	2	2	2	1	2	2	4.140000e+00	4.049600e+02	1319	0	1
28	4	55	2	2	2	5	10	2	4	4	2	1	2	2	4.700000e+00	4.096600e+02	1880	0	1
28	4	56	2	2	3	12	2	3	5	5	2	1	2	2	4.540000e+00	4.142000e+02	1018	0	1
28	4	57	2	1	1	28	21	5	2	2	2	1	1	1	1.920000e+00	4.161200e+02	2150	1	1
28	4	58	2	2	1	28	30	5	2	2	2	1	2	2	3.390000e+00	4.195100e+02	966	0	1
28	4	59	2	2	2	6	18	5	3	3	2	1	2	2	3.970000e+00	4.234800e+02	2589	0	1
28	4	60	2	2	3	24	33	4	5	5	2	1	2	2	3.840000e+00	4.273200e+02	1483	0	1
28	4	61	2	2	4	17	33	3	2	2	2	1	2	2	3.600000e+00	4.309200e+02	3364	0	1
28	4	62	2	1	1	42	27	5	2	2	2	1	1	1	2.060000e+00	4.329800e+02	2003	1	1
28	4	63	2	1	2	4	6	2	5	5	2	1	1	1	2.180000e+00	4.351600e+02	1504	1	1
28	4	64	2	2	1	27	33	5	4	4	2	1	2	2	3.740000e+00	4.389000e+02	4529	0	1
28	4	65	2	2	2	50	26	2	5	5	2	1	2	2	3.600000e+00	4.425000e+02	2593	0	1
28	4	66	2	2	3	21	46	4	3	3	2	1	2	2	3.880000e+00	4.463800e+02	7511	0	1
28	4	67	2	2	4	18	20	5	3	3	2	1	2	2	4.310000e+00	4.506900e+02	1528	0	1
28	4	68	2	2	5	54	44	2	3	3	2	1	2	2	3.600000e+00	4.542900e+02	3768	0	1
28	4	69	2	2	6	13	47	4	3	3	2	1	2	2	3.430000e+00	4.577200e+02	2975	0	1
28	4	70	2	1	1	29	10	4	2	2	2	1	1	1	1.990000e+00	4.597100e+02	2637	1	1
28	4	71	2	1	2	32	16	5	3	3	2	1	1	1	1.990000e+00	4.617000e+02	809	1	1
28	4	72	2	1	3	22	42	2	3	3	2	1	1	1	2.060000e+00	4.637600e+02	2950	1	1
28	4	73	2	2	1	42	16	2	5	5	2	1	2	2	3.720000e+00	4.674800e+02	973	0	1
28	4	74	2	1	1	45	32	4	2	2	2	1	1	1	1.980000e+00	4.694600e+02	1692	1	1
28	4	75	2	1	2	41	48	2	5	5	2	1	1	1	1.950000e+00	4.714100e+02	1855	1	1
28	4	76	2	1	3	30	4	5	4	4	2	1	1	1	1.990000e+00	4.734000e+02	1810	1	1
28	4	77	2	1	4	46	25	3	2	2	2	1	1	1	2.180000e+00	4.755800e+02	2479	1	1
28	4	78	2	1	5	12	51	3	5	5	2	1	1	1	1.930000e+00	4.775100e+02	1473	1	1
28	4	79	2	2	1	42	5	4	2	2	2	1	2	2	3.370000e+00	4.808800e+02	3124	0	1
28	4	80	2	2	2	25	43	4	2	2	2	1	2	2	4.220000e+00	4.851000e+02	1509	0	1
28	4	81	2	1	1	3	10	4	5	5	2	1	1	1	1.890000e+00	4.869900e+02	2014	1	1
28	4	82	2	1	2	21	3	5	3	3	2	1	1	1	2	4.889900e+02	1811	1	1
28	4	83	2	1	3	44	5	4	3	3	2	1	1	1	1.930000e+00	4.909200e+02	1312	1	1
28	4	84	2	1	4	17	36	5	3	3	2	1	1	1	2.060000e+00	4.929800e+02	2001	1	1
28	4	1	3	2	1	48	4	5	4	4	2	1	2	2	4.260000e+00	4.972400e+02	2570	0	NaN
28	4	2	3	2	2	25	1	4	5	5	2	1	2	2	3.900000e+00	5.011400e+02	3361	0	1
28	4	3	3	2	3	53	16	2	5	5	2	1	2	2	3.030000e+00	5.041700e+02	1337	0	1
28	4	4	3	1	1	54	1	2	3	3	2	1	1	1	2.020000e+00	5.061900e+02	3489	1	1
28	4	5	3	1	2	49	20	4	3	3	2	1	1	1	2.190000e+00	5.083800e+02	1075	1	1
28	4	6	3	1	3	19	14	3	2	2	2	1	1	1	2.120000e+00	5.105000e+02	2405	1	1
28	4	7	3	1	4	31	21	2	3	3	2	1	1	1	1.810000e+00	5.123100e+02	4227	1	1
28	4	8	3	1	5	34	24	2	5	5	2	1	1	1	1.990000e+00	5.143000e+02	2375	1	1
28	4	9	3	1	6	53	38	3	2	2	2	1	1	1	1.920000e+00	5.162200e+02	1550	1	1
28	4	10	3	2	1	12	45	5	4	4	2	1	2	2	3.520000e+00	5.197400e+02	3805	0	1
28	4	11	3	1	1	24	17	4	2	2	2	1	1	1	1.850000e+00	5.215900e+02	835	1	1
28	4	12	3	2	1	48	34	5	2	2	2	1	2	2	4.140000e+00	5.257300e+02	3839	0	1
28	4	13	3	2	2	7	1	2	4	4	2	1	2	2	3.800000e+00	5.295300e+02	5066	0	1
28	4	14	3	1	1	35	16	3	2	2	2	1	1	1	2.010000e+00	5.315400e+02	1453	1	1
28	4	15	3	1	2	34	24	4	3	3	2	1	1	1	1.960000e+00	5.335000e+02	1656	1	1
28	4	16	3	1	3	25	10	5	3	3	2	1	1	1	1.950000e+00	5.354500e+02	1484	1	1
28	4	17	3	1	4	40	46	4	3	3	2	1	1	1	2.040000e+00	5.374900e+02	2182	1	1
28	4	18	3	2	1	9	39	2	3	3	2	1	2	2	4.340000e+00	5.418300e+02	1452	0	1
28	4	19	3	2	2	7	53	5	4	4	2	1	2	2	5	5.468300e+02	2407	0	1
28	4	20	3	2	3	45	29	5	3	3	2	1	2	2	3.360000e+00	5.501900e+02	3396	0	1
28	4	21	3	2	4	43	23	4	5	5	2	1	2	2	3.520000e+00	5.537100e+02	2770	0	1
28	4	22	3	2	5	1	23	4	2	2	2	1	2	2	4.490000e+00	5.582000e+02	1720	0	1
28	4	23	3	2	6	14	45	3	5	5	2	1	2	2	3.820000e+00	5.620200e+02	1081	0	1
28	4	24	3	1	1	46	27	5	4	5	1	1	2	2	3.350000e+00	5.653700e+02	1347	0	2
28	4	25	3	1	2	23	8	2	4	4	2	1	1	1	2.040000e+00	5.674100e+02	2203	1	2
28	4	26	3	2	1	19	34	4	3	3	2	1	2	2	4.730000e+00	5.721400e+02	4512	0	1
28	4	27	3	2	2	8	43	5	2	2	2	1	2	2	4.330000e+00	5.764700e+02	1265	0	1
28	4	28	3	2	3	42	33	3	5	5	2	1	2	2	4.920000e+00	5.813900e+02	3196	0	1
28	4	29	3	2	4	36	3	5	3	3	2	1	2	2	4.240000e+00	5.856300e+02	1089	0	1
28	4	30	3	1	1	14	1	2	3	3	2	1	1	1	2.220000e+00	5.878500e+02	3267	1	1
28	4	31	3	1	2	23	36	5	2	2	2	1	1	1	1.960000e+00	5.898100e+02	1726	1	1
28	4	32	3	1	3	26	1	5	2	2	2	1	1	1	1.870000e+00	5.916800e+02	687	1	1
28	4	33	3	2	1	20	43	2	4	4	2	1	2	2	3.900000e+00	5.955800e+02	2264	0	1
28	4	34	3	2	2	11	4	4	5	5	2	1	2	2	4.560000e+00	6.001400e+02	1603	0	1
28	4	35	3	2	3	14	35	5	2	2	2	1	2	2	3.470000e+00	6.036100e+02	1225	0	1
28	4	36	3	2	4	15	36	3	4	4	2	1	2	2	4.300000e+00	6.079100e+02	813	0	1
28	4	37	3	2	5	19	54	2	3	3	2	1	2	2	3.720000e+00	6.116300e+02	4041	0	1
28	4	38	3	1	1	10	43	2	5	5	2	1	1	1	2.060000e+00	6.136900e+02	1669	1	1
28	4	39	3	1	2	30	49	3	4	4	2	1	1	1	1.870000e+00	6.155600e+02	3232	1	1
28	4	40	3	1	3	1	51	4	5	5	2	1	1	1	2.010000e+00	6.175700e+02	2964	1	1
28	4	41	3	1	4	27	9	2	4	4	2	1	1	1	1.760000e+00	6.193300e+02	3523	1	1
28	4	42	3	1	5	11	32	5	3	3	2	1	1	1	1.940000e+00	6.212700e+02	3123	1	1
28	4	43	3	2	1	43	27	3	2	2	2	1	2	2	4.220000e+00	6.254900e+02	2676	0	1
28	4	44	3	1	1	1	48	3	5	5	2	1	1	1	1.960000e+00	6.274500e+02	2934	1	1
28	4	45	3	1	2	13	35	4	2	2	2	1	1	1	2.150000e+00	6.296000e+02	1126	1	1
28	4	46	3	1	3	8	9	4	2	2	2	1	1	1	1.930000e+00	6.315300e+02	1679	1	1
28	4	47	3	1	4	10	42	5	2	2	2	1	1	1	1.730000e+00	6.332600e+02	2041	1	1
28	4	48	3	2	1	21	14	2	4	4	2	1	2	2	3.420000e+00	6.366800e+02	6717	0	1
28	4	49	3	2	2	45	19	4	5	5	2	1	2	2	4.500000e+00	6.411800e+02	1166	0	1
28	4	50	3	2	3	40	43	2	5	5	2	1	2	2	3.950000e+00	6.451300e+02	1692	0	1
28	4	51	3	1	1	19	18	3	5	5	2	1	1	1	2.040000e+00	6.471700e+02	2870	1	1
28	4	52	3	1	2	48	16	2	4	4	2	1	1	1	2.110000e+00	6.492800e+02	1152	1	1
28	4	53	3	1	3	36	27	4	5	5	2	1	1	1	1.750000e+00	6.510300e+02	3512	1	1
28	4	54	3	1	4	10	46	3	4	4	2	1	1	1	1.920000e+00	6.529500e+02	1777	1	1
28	4	55	3	1	5	18	9	4	2	2	2	1	1	1	1.920000e+00	6.548700e+02	854	1	1
28	4	56	3	1	6	46	12	2	5	5	2	1	1	1	1.880000e+00	6.567500e+02	2778	1	1
28	4	57	3	2	1	30	26	3	2	2	2	1	2	2	3.910000e+00	6.606600e+02	2249	0	1
28	4	58	3	2	2	20	53	2	3	3	2	1	2	2	4.720000e+00	6.653800e+02	2597	0	1
28	4	59	3	2	3	23	13	4	2	2	2	1	2	2	3.980000e+00	6.693600e+02	3434	0	1
28	4	60	3	2	4	46	28	4	2	2	2	1	2	2	4.580000e+00	6.739400e+02	2925	0	1
28	4	61	3	2	5	43	49	5	4	4	2	1	2	2	3.670000e+00	6.776100e+02	3350	0	1
28	4	62	3	2	6	45	43	3	4	4	2	1	2	2	4	6.816100e+02	2061	0	1
28	4	63	3	1	1	10	2	2	4	4	2	1	1	1	1.910000e+00	6.835200e+02	913	1	1
28	4	64	3	1	2	41	8	3	5	5	2	1	1	1	2.070000e+00	6.855900e+02	2257	1	1
28	4	65	3	1	3	49	32	5	3	4	0	0	0	0	0	6.855900e+02	956	NaN	NaN
28	4	66	3	2	1	25	6	3	4	4	2	1	2	2	3.880000e+00	6.894700e+02	2032	0	NaN
28	4	67	3	2	2	9	11	2	5	5	2	1	2	2	4.230000e+00	6.937000e+02	1204	0	1
28	4	68	3	2	3	50	52	5	2	2	2	1	2	2	4.310000e+00	6.980100e+02	4514	0	1
28	4	69	3	2	4	17	36	3	4	4	2	1	2	2	3.960000e+00	7.019700e+02	1746	0	1
28	4	70	3	2	5	30	49	4	5	5	2	1	2	2	4.420000e+00	7.063900e+02	3945	0	1
28	4	71	3	1	1	31	32	2	5	5	2	1	1	1	2.270000e+00	7.086600e+02	921	1	1
28	4	72	3	1	2	1	3	3	2	2	2	1	1	1	2.060000e+00	7.107200e+02	994	1	1
28	4	73	3	1	3	13	38	5	3	3	2	1	1	1	2	7.127200e+02	1624	1	1
28	4	74	3	1	4	2	38	3	4	4	2	1	1	1	2.110000e+00	7.148300e+02	1204	1	1
28	4	75	3	1	5	35	28	4	3	3	2	1	1	1	2.010000e+00	7.168400e+02	2753	1	1
28	4	76	3	2	1	8	18	5	4	4	2	1	2	2	3.480000e+00	7.203200e+02	2617	0	1
28	4	77	3	2	2	21	40	4	3	3	2	1	2	2	4.230000e+00	7.245500e+02	1957	0	1
28	4	78	3	1	1	26	1	2	3	3	2	1	1	1	2	7.265500e+02	2669	1	1
28	4	79	3	2	1	6	8	5	3	3	2	1	2	2	3.870000e+00	7.304200e+02	1887	0	1
28	4	80	3	2	2	44	5	3	5	5	2	1	2	2	4.600000e+00	7.350200e+02	801	0	1
28	4	81	3	2	3	42	41	5	4	4	2	1	2	2	4.880000e+00	7.399000e+02	1014	0	1
28	4	82	3	2	4	36	2	4	3	3	2	1	2	2	3.750000e+00	7.436500e+02	3299	0	1
28	4	83	3	1	1	8	54	3	5	5	2	1	1	1	2.010000e+00	7.456600e+02	2228	1	1
28	4	84	3	1	2	29	12	3	2	2	2	1	1	1	1.900000e+00	7.475600e+02	2641	1	1
28	4	1	4	1	1	45	42	4	5	5	2	1	1	1	2.080000e+00	7.496400e+02	1980	1	NaN
28	4	2	4	1	2	45	48	2	4	4	2	1	1	1	1.720000e+00	7.513600e+02	1698	1	1
28	4	3	4	1	3	40	26	2	4	4	2	1	1	1	2.120000e+00	7.534800e+02	2548	1	1
28	4	4	4	1	4	32	3	4	2	2	2	1	1	1	2.030000e+00	7.555100e+02	923	1	1
28	4	5	4	1	5	17	38	4	3	4	1	1	2	2	4.120000e+00	7.596300e+02	723	0	2
28	4	6	4	1	6	29	7	3	5	5	2	1	1	1	2.140000e+00	7.617700e+02	1236	1	2
28	4	7	4	2	1	31	39	5	3	3	2	1	2	2	3.870000e+00	7.656400e+02	2688	0	1
28	4	8	4	2	2	7	8	3	4	4	2	1	2	2	3.940000e+00	7.695800e+02	3442	0	1
28	4	9	4	1	1	50	49	3	4	4	2	1	1	1	1.850000e+00	7.714300e+02	2510	1	1
28	4	10	4	1	2	15	41	2	3	3	2	1	1	1	1.800000e+00	7.732300e+02	1959	1	1
28	4	11	4	2	1	2	40	3	4	4	2	1	2	2	3.670000e+00	7.769000e+02	1711	0	1
28	4	12	4	2	2	28	39	5	2	2	2	1	2	2	4.130000e+00	7.810300e+02	1032	0	1
28	4	13	4	2	3	30	54	5	3	3	2	1	2	2	3.740000e+00	7.847700e+02	3228	0	1
28	4	14	4	2	4	45	29	5	4	4	2	1	2	2	3.370000e+00	7.881400e+02	3800	0	1
28	4	15	4	1	1	6	4	3	4	4	2	1	1	1	2.130000e+00	7.902700e+02	3422	1	1
28	4	16	4	2	1	6	52	3	2	2	2	1	2	2	3.660000e+00	7.939300e+02	3098	0	1
28	4	17	4	2	2	19	4	3	2	2	2	1	2	2	3.990000e+00	7.979200e+02	804	0	1
28	4	18	4	2	3	5	35	5	2	2	2	1	2	2	4	8.019200e+02	1529	0	1
28	4	19	4	2	4	1	28	4	3	3	2	1	2	2	3.880000e+00	8.058000e+02	3385	0	1
28	4	20	4	2	5	30	33	4	5	5	2	1	2	2	4.190000e+00	8.099900e+02	1399	0	1
28	4	21	4	2	6	39	3	3	2	2	2	1	2	2	3.880000e+00	8.138700e+02	621	0	1
28	4	22	4	1	1	4	47	5	2	2	2	1	1	1	1.800000e+00	8.156700e+02	1505	1	1
28	4	23	4	1	2	12	47	2	3	3	2	1	1	1	1.880000e+00	8.175500e+02	2450	1	1
28	4	24	4	1	3	20	38	5	4	4	2	1	1	1	2.030000e+00	8.195800e+02	1309	1	1
28	4	25	4	1	4	34	27	5	3	3	2	1	1	1	1.850000e+00	8.214300e+02	2223	1	1
28	4	26	4	1	5	37	21	3	5	5	2	1	1	1	1.960000e+00	8.233900e+02	1795	1	1
28	4	27	4	2	1	8	21	4	2	2	2	1	2	2	3.560000e+00	8.269500e+02	1488	0	1
28	4	28	4	2	2	31	5	2	3	3	2	1	2	2	3.450000e+00	8.304000e+02	954	0	1
28	4	29	4	2	3	5	46	2	5	5	2	1	2	2	3.520000e+00	8.339200e+02	3274	0	1
28	4	30	4	2	4	13	26	4	5	5	2	1	2	2	3.810000e+00	8.377300e+02	6085	0	1
28	4	31	4	2	5	9	41	4	2	2	2	1	2	2	4.080000e+00	8.418100e+02	1495	0	1
28	4	32	4	1	1	8	29	2	3	3	2	1	1	1	1.990000e+00	8.438000e+02	2632	1	1
28	4	33	4	1	2	47	15	4	2	2	2	1	1	1	2.130000e+00	8.459300e+02	692	1	1
28	4	34	4	1	3	18	29	5	4	4	2	1	1	1	1.970000e+00	8.479000e+02	2806	1	1
28	4	35	4	2	1	2	24	4	3	3	2	1	2	2	3.280000e+00	8.511800e+02	2516	0	1
28	4	36	4	1	1	32	37	4	3	3	2	1	1	1	2	8.531800e+02	1020	1	1
28	4	37	4	1	2	51	14	3	5	5	2	1	1	1	2.010000e+00	8.551900e+02	2129	1	1
28	4	38	4	1	3	16	45	5	2	2	2	1	1	1	2.040000e+00	8.572300e+02	1274	1	1
28	4	39	4	1	4	22	51	4	3	3	2	1	1	1	2.060000e+00	8.592900e+02	5764	1	1
28	4	40	4	2	1	44	29	5	3	3	2	1	2	2	4.600000e+00	8.638900e+02	3283	0	1
28	4	41	4	2	2	34	2	3	4	4	2	1	2	2	3.740000e+00	8.676300e+02	949	0	1
28	4	42	4	2	3	2	39	3	2	2	2	1	2	2	4.120000e+00	8.717500e+02	1476	0	1
28	4	43	4	1	1	18	12	4	5	5	2	1	1	1	2	8.737500e+02	2319	1	1
28	4	44	4	1	2	8	20	2	3	4	0	0	0	0	0	8.737500e+02	1407	NaN	NaN
28	4	45	4	1	3	26	2	4	2	2	2	1	1	1	1.930000e+00	8.756800e+02	520	1	NaN
28	4	46	4	2	1	23	38	5	4	4	2	1	2	2	5.010000e+00	8.806900e+02	1112	0	1
28	4	47	4	2	2	7	18	2	4	4	2	1	2	2	3.880000e+00	8.845700e+02	793	0	1
28	4	48	4	2	3	42	46	3	5	5	2	1	2	2	3.340000e+00	8.879100e+02	2104	0	1
28	4	49	4	2	4	6	29	4	3	3	2	1	2	2	4.830000e+00	8.927400e+02	4977	0	1
28	4	50	4	2	5	46	38	4	3	3	2	1	2	2	4.150000e+00	8.968900e+02	9535	0	1
28	4	51	4	1	1	1	26	2	5	5	2	1	1	1	1.870000e+00	8.987600e+02	2255	1	1
28	4	52	4	1	2	23	54	2	4	4	2	1	1	1	2.070000e+00	9.008300e+02	1050	1	1
28	4	53	4	1	3	43	20	3	5	5	2	1	1	1	2.150000e+00	9.029800e+02	1181	1	1
28	4	54	4	1	4	11	46	2	4	4	2	1	1	1	1.890000e+00	9.048700e+02	1123	1	1
28	4	55	4	1	5	37	2	5	2	2	2	1	1	1	2.020000e+00	9.068900e+02	2339	1	1
28	4	56	4	2	1	19	15	5	2	2	2	1	2	2	3.930000e+00	9.108200e+02	731	0	1
28	4	57	4	2	2	51	22	2	5	5	2	1	2	2	3.450000e+00	9.142700e+02	1771	0	1
28	4	58	4	2	3	27	28	3	5	5	2	1	2	2	4.560000e+00	9.188300e+02	1906	0	1
28	4	59	4	1	1	34	38	5	3	3	2	1	1	1	2	9.208300e+02	1115	1	1
28	4	60	4	1	2	42	9	2	4	4	2	1	1	1	2.060000e+00	9.228900e+02	1635	1	1
28	4	61	4	1	3	23	34	3	5	5	2	1	1	1	1.920000e+00	9.248100e+02	2311	1	1
28	4	62	4	1	4	9	44	3	2	2	2	1	1	1	1.920000e+00	9.267300e+02	1248	1	1
28	4	63	4	2	1	22	52	2	5	4	0	0	0	0	0	9.267300e+02	3179	NaN	NaN
28	4	64	4	2	2	48	44	5	4	4	2	1	2	2	4.150000e+00	9.308800e+02	2799	0	NaN
28	4	65	4	2	3	39	2	2	5	5	2	1	2	2	4.050000e+00	9.349300e+02	3741	0	1
28	4	66	4	2	4	28	1	2	4	4	2	1	2	2	4.870000e+00	9.398000e+02	789	0	1
28	4	67	4	2	5	38	34	5	3	3	2	1	2	2	3.870000e+00	9.436700e+02	1771	0	1
28	4	68	4	2	6	36	35	5	4	4	2	1	2	2	5.040000e+00	9.487100e+02	1106	0	1
28	4	69	4	1	1	15	50	5	4	4	2	1	1	1	2.180000e+00	9.508900e+02	2579	1	1
28	4	70	4	1	2	23	9	3	2	2	2	1	1	1	1.770000e+00	9.526600e+02	2034	1	1
28	4	71	4	2	1	9	27	5	2	2	2	1	2	2	3.210000e+00	9.558700e+02	2453	0	1
28	4	72	4	2	2	18	43	4	5	5	2	1	2	2	3.730000e+00	9.596000e+02	1825	0	1
28	4	73	4	1	1	2	27	2	3	3	2	1	1	1	1.980000e+00	9.615800e+02	2005	1	1
28	4	74	4	1	2	38	54	3	4	4	2	1	1	1	2	9.635800e+02	1675	1	1
28	4	75	4	1	3	25	48	5	3	3	2	1	1	1	2.100000e+00	9.656800e+02	1789	1	1
28	4	76	4	1	4	37	54	4	5	3	0	0	0	0	0	9.656800e+02	923	NaN	NaN
28	4	77	4	1	5	8	30	3	2	2	2	1	1	1	1.910000e+00	9.675900e+02	856	1	NaN
28	4	78	4	1	6	42	17	4	2	2	2	1	1	1	1.910000e+00	9.695000e+02	1483	1	1
28	4	79	4	2	1	23	4	4	5	5	2	1	2	2	3.910000e+00	9.734100e+02	6029	0	1
28	4	80	4	1	1	40	14	3	4	4	2	1	1	1	2	9.754100e+02	1041	1	1
28	4	81	4	2	1	34	52	2	3	3	2	1	2	2	4.130000e+00	9.795400e+02	3317	0	1
28	4	82	4	2	2	50	4	2	5	5	2	1	2	2	4.500000e+00	9.840400e+02	10310	0	1
28	4	83	4	2	3	4	43	2	5	5	2	1	2	2	4.290000e+00	9.883300e+02	2895	0	1
28	4	84	4	2	4	39	30	4	2	2	2	1	2	2	3.170000e+00	9.915000e+02	898	0	1
