LEDISAS2	Code = 84	
SubNo	Group(1=OHRHV,SLRLV; 2=OHRLV,SLRHV; 3=OLRHV,SHRLV, 4 = OLRLV,SHRHV)	Block_trial	Block	VarDist_cond	Run_number	Targ1_position	Targ2_position	Red_targ_digit	Blue_targ_digit	Response	Targ_Choice	Acc	RewardOutcome(0=inaccurate;1=lowReward;2=highReward)	VarianceOutcome(0=inaccurate; 1=lowVariance; 2=highVariance)	OutcomeValue	Points	RT	Optimal_Choice	Repeat_Switch
84	4	1	0	1	1	43	27	5	2	3	0	0	NaN	NaN	0	0	10465	NaN	NaN
84	4	2	0	1	2	11	44	2	3	3	2	1	NaN	NaN	0	0	2471	1	NaN
84	4	3	0	1	3	5	13	4	2	3	0	0	NaN	NaN	0	0	4666	NaN	NaN
84	4	4	0	1	4	39	26	2	4	4	2	1	NaN	NaN	0	0	15885	1	NaN
84	4	5	0	1	5	13	14	5	3	3	2	1	NaN	NaN	0	0	5632	1	1
84	4	6	0	1	6	49	47	3	4	4	2	1	NaN	NaN	0	0	13427	1	1
84	4	7	0	2	1	54	29	3	5	3	1	1	NaN	NaN	0	0	6336	1	2
84	4	8	0	2	2	31	35	4	5	4	1	1	NaN	NaN	0	0	1800	1	1
84	4	9	0	2	3	44	51	2	3	2	1	1	NaN	NaN	0	0	10965	1	1
84	4	10	0	2	4	8	42	2	5	5	2	1	NaN	NaN	0	0	4275	0	2
84	4	1	1	1	1	51	42	3	5	3	1	1	2	2	3.800000e+00	3.800000e+00	4224	0	NaN
84	4	2	1	1	2	46	31	3	5	5	2	1	1	1	1.800000e+00	5.600000e+00	1659	1	2
84	4	3	1	1	3	1	54	5	2	2	2	1	1	1	2.010000e+00	7.610000e+00	2630	1	1
84	4	4	1	1	4	28	10	2	3	3	2	1	1	1	2.030000e+00	9.640000e+00	3082	1	1
84	4	5	1	1	5	52	29	5	2	2	2	1	1	1	1.860000e+00	1.150000e+01	779	1	1
84	4	6	1	1	6	30	47	3	4	3	1	1	2	2	4.560000e+00	1.606000e+01	1546	0	2
84	4	7	1	2	1	43	42	4	5	5	2	1	2	2	4.560000e+00	2.062000e+01	4297	0	2
84	4	8	1	2	2	30	51	5	2	5	1	1	1	1	2	2.262000e+01	4218	1	2
84	4	9	1	2	3	22	15	5	4	4	2	1	2	2	4.150000e+00	2.677000e+01	4704	0	2
84	4	10	1	2	4	47	27	2	4	4	2	1	2	2	4.080000e+00	3.085000e+01	2072	0	1
84	4	11	1	2	5	33	17	4	3	4	1	1	1	1	1.980000e+00	3.283000e+01	5347	1	2
84	4	12	1	2	6	13	1	3	2	2	2	1	2	2	4.340000e+00	3.717000e+01	2426	0	2
84	4	13	1	1	1	34	29	2	4	4	2	1	1	1	1.930000e+00	3.910000e+01	5544	1	1
84	4	14	1	2	1	32	33	3	5	3	1	1	1	1	2.260000e+00	4.136000e+01	2502	1	2
84	4	15	1	2	2	46	33	5	3	5	1	1	1	1	1.980000e+00	4.334000e+01	3592	1	1
84	4	16	1	1	1	2	32	5	2	2	2	1	1	1	2.010000e+00	4.535000e+01	7694	1	2
84	4	17	1	1	2	27	42	2	5	5	2	1	1	1	2.130000e+00	4.748000e+01	3128	1	1
84	4	18	1	1	3	52	7	4	5	5	2	1	1	1	2.010000e+00	4.949000e+01	1280	1	1
84	4	19	1	2	1	11	36	4	2	4	1	1	1	1	1.990000e+00	5.148000e+01	1994	1	2
84	4	20	1	2	2	40	34	2	3	2	1	1	1	1	1.900000e+00	5.338000e+01	4232	1	1
84	4	21	1	2	3	32	44	5	3	5	1	1	1	1	2.030000e+00	5.541000e+01	3100	1	1
84	4	22	1	2	4	45	6	5	4	5	1	1	1	1	1.840000e+00	5.725000e+01	3053	1	1
84	4	23	1	1	1	25	44	5	2	2	2	1	1	1	2.080000e+00	5.933000e+01	3552	1	2
84	4	24	1	1	2	21	28	2	5	5	2	1	1	1	2.190000e+00	6.152000e+01	1800	1	1
84	4	25	1	1	3	21	15	5	4	4	2	1	1	1	1.920000e+00	6.344000e+01	3884	1	1
84	4	26	1	1	4	9	19	2	4	4	2	1	1	1	2.100000e+00	6.554000e+01	4351	1	1
84	4	27	1	2	1	16	46	2	4	2	1	1	1	1	2.150000e+00	6.769000e+01	1446	1	2
84	4	28	1	2	2	25	39	4	2	4	1	1	1	1	1.810000e+00	6.950000e+01	2553	1	1
84	4	29	1	2	3	19	41	3	5	3	1	1	1	1	1.830000e+00	7.133000e+01	2865	1	1
84	4	30	1	1	1	16	22	3	5	5	2	1	1	1	2.070000e+00	7.340000e+01	4316	1	2
84	4	31	1	1	2	25	18	5	2	2	2	1	1	1	1.950000e+00	7.535000e+01	2493	1	1
84	4	32	1	2	1	7	45	5	3	5	1	1	1	1	2.080000e+00	7.743000e+01	1646	1	2
84	4	33	1	2	2	1	16	2	3	2	1	1	1	1	2.100000e+00	7.953000e+01	1081	1	1
84	4	34	1	2	3	24	3	3	2	3	1	1	1	1	2.080000e+00	8.161000e+01	1772	1	1
84	4	35	1	2	4	15	18	3	4	3	1	1	1	1	2.150000e+00	8.376000e+01	3738	1	1
84	4	36	1	2	5	16	14	5	4	5	1	1	1	1	2.080000e+00	8.584000e+01	3786	1	1
84	4	37	1	1	1	24	29	3	5	5	2	1	1	1	2.140000e+00	8.798000e+01	1128	1	2
84	4	38	1	1	2	26	3	4	2	2	2	1	1	1	1.860000e+00	8.984000e+01	2721	1	1
84	4	39	1	1	3	17	1	4	5	4	1	1	2	2	3.990000e+00	9.383000e+01	3969	0	2
84	4	40	1	1	4	27	29	2	3	2	1	1	2	2	3.930000e+00	9.776000e+01	2807	0	1
84	4	41	1	1	5	17	34	3	2	2	2	1	1	1	1.810000e+00	9.957000e+01	2733	1	2
84	4	42	1	2	1	26	40	5	4	5	1	1	1	1	2.030000e+00	1.016000e+02	4117	1	2
84	4	43	1	1	1	24	39	4	3	3	2	1	1	1	1.880000e+00	1.034800e+02	3509	1	2
84	4	44	1	1	2	12	23	2	5	2	1	1	2	2	4.670000e+00	1.081500e+02	1039	0	2
84	4	45	1	2	1	19	35	5	4	5	1	1	1	1	1.910000e+00	1.100600e+02	2851	1	1
84	4	46	1	2	2	19	1	4	5	5	2	1	2	2	4.250000e+00	1.143100e+02	5166	0	2
84	4	47	1	2	3	6	31	2	5	2	1	1	1	1	2.030000e+00	1.163400e+02	1493	1	2
84	4	48	1	2	4	53	29	3	4	3	1	1	1	1	1.890000e+00	1.182300e+02	3687	1	1
84	4	49	1	1	1	31	41	3	4	4	2	1	1	1	1.740000e+00	1.199700e+02	3056	1	2
84	4	50	1	1	2	39	2	4	3	3	2	1	1	1	1.990000e+00	1.219600e+02	3788	1	1
84	4	51	1	1	3	34	16	2	5	5	2	1	1	1	1.880000e+00	1.238400e+02	3522	1	1
84	4	52	1	1	4	54	18	4	5	5	2	1	1	1	2.070000e+00	1.259100e+02	4722	1	1
84	4	53	1	2	1	3	24	2	3	2	1	1	1	1	2.060000e+00	1.279700e+02	4251	1	2
84	4	54	1	2	2	40	20	3	4	3	1	1	1	1	2.200000e+00	1.301700e+02	2934	1	1
84	4	55	1	2	3	26	47	4	3	4	1	1	1	1	2.070000e+00	1.322400e+02	2167	1	1
84	4	56	1	2	4	52	21	2	5	2	1	1	1	1	1.920000e+00	1.341600e+02	2197	1	1
84	4	57	1	2	5	38	11	5	3	5	1	1	1	1	2.040000e+00	1.362000e+02	2186	1	1
84	4	58	1	2	6	30	41	4	2	4	1	1	1	1	1.880000e+00	1.380800e+02	2232	1	1
84	4	59	1	1	1	13	16	3	4	4	2	1	1	1	2	1.400800e+02	3148	1	2
84	4	60	1	2	1	30	13	2	4	2	1	1	1	1	1.990000e+00	1.420700e+02	2084	1	2
84	4	61	1	2	2	25	39	4	2	4	1	1	1	1	2	1.440700e+02	2230	1	1
84	4	62	1	2	3	47	4	4	2	4	1	1	1	1	1.960000e+00	1.460300e+02	1570	1	1
84	4	63	1	1	1	14	16	3	2	2	2	1	1	1	2.130000e+00	1.481600e+02	2968	1	2
84	4	64	1	1	2	23	34	2	3	2	1	1	2	2	3.120000e+00	1.512800e+02	1503	0	2
84	4	65	1	1	3	2	8	2	4	4	2	1	1	1	2.050000e+00	1.533300e+02	1400	1	2
84	4	66	1	1	4	40	48	4	5	5	2	1	1	1	2.110000e+00	1.554400e+02	2078	1	1
84	4	67	1	1	5	41	1	4	2	2	2	1	1	1	2.090000e+00	1.575300e+02	3416	1	1
84	4	68	1	2	1	14	6	3	2	3	1	1	1	1	2.070000e+00	1.596000e+02	3805	1	2
84	4	69	1	1	1	44	35	2	3	3	2	1	1	1	2	1.616000e+02	3217	1	2
84	4	70	1	1	2	53	16	2	4	4	2	1	1	1	2.080000e+00	1.636800e+02	3326	1	1
84	4	71	1	1	3	17	9	4	3	3	2	1	1	1	2.070000e+00	1.657500e+02	1511	1	1
84	4	72	1	2	1	11	9	5	3	3	2	1	2	2	3.880000e+00	1.696300e+02	1560	0	1
84	4	73	1	2	2	48	29	4	5	5	2	1	2	2	3.820000e+00	1.734500e+02	3791	0	1
84	4	74	1	1	1	19	9	3	5	5	2	1	1	1	1.970000e+00	1.754200e+02	1292	1	1
84	4	75	1	1	2	50	11	3	4	4	2	1	1	1	1.830000e+00	1.772500e+02	2671	1	1
84	4	76	1	1	3	8	50	5	3	3	2	1	1	1	1.970000e+00	1.792200e+02	2737	1	1
84	4	77	1	1	4	32	34	3	2	2	2	1	1	1	2.010000e+00	1.812300e+02	3457	1	1
84	4	78	1	1	5	26	2	5	4	4	2	1	1	1	2.040000e+00	1.832700e+02	3701	1	1
84	4	79	1	1	6	2	8	3	2	2	2	1	1	1	2.170000e+00	1.854400e+02	982	1	1
84	4	80	1	2	1	2	50	4	3	3	2	1	2	2	3.830000e+00	1.892700e+02	6252	0	1
84	4	81	1	2	2	20	47	5	2	5	1	1	1	1	2.070000e+00	1.913400e+02	5295	1	2
84	4	82	1	2	3	36	23	2	5	2	1	1	1	1	2.090000e+00	1.934300e+02	4617	1	1
84	4	83	1	2	4	44	28	5	3	5	1	1	1	1	2.110000e+00	1.955400e+02	1742	1	1
84	4	84	1	2	5	8	40	4	3	4	1	1	1	1	1.880000e+00	1.974200e+02	4694	1	1
84	4	1	2	2	1	18	23	3	2	3	1	1	1	1	2.020000e+00	1.994400e+02	8954	1	NaN
84	4	2	2	2	2	39	54	5	2	2	2	1	2	2	4.110000e+00	2.035500e+02	3505	0	2
84	4	3	2	2	3	34	39	3	5	3	1	1	1	1	1.880000e+00	2.054300e+02	4395	1	2
84	4	4	2	2	4	50	26	4	5	4	1	1	1	1	1.910000e+00	2.073400e+02	7520	1	1
84	4	5	2	2	5	13	54	2	4	2	1	1	1	1	2.130000e+00	2.094700e+02	3432	1	1
84	4	6	2	1	1	22	40	5	3	5	1	1	2	2	3.940000e+00	2.134100e+02	3580	0	1
84	4	7	2	1	2	15	28	2	3	3	2	1	1	1	2.050000e+00	2.154600e+02	5154	1	2
84	4	8	2	1	3	30	35	3	2	2	2	1	1	1	2.010000e+00	2.174700e+02	3210	1	1
84	4	9	2	1	4	50	31	2	3	3	2	1	1	1	1.930000e+00	2.194000e+02	2767	1	1
84	4	10	2	1	5	3	48	5	4	4	2	1	1	1	1.930000e+00	2.213300e+02	1966	1	1
84	4	11	2	1	6	17	23	3	4	4	2	1	1	1	2.050000e+00	2.233800e+02	5005	1	1
84	4	12	2	2	1	46	44	3	5	3	1	1	1	1	1.890000e+00	2.252700e+02	3178	1	2
84	4	13	2	2	2	23	3	3	5	3	1	1	1	1	2.090000e+00	2.273600e+02	2728	1	1
84	4	14	2	1	1	51	1	3	5	3	1	1	2	2	4.270000e+00	2.316300e+02	2944	0	1
84	4	15	2	1	2	40	25	5	3	3	2	1	1	1	1.900000e+00	2.335300e+02	1551	1	2
84	4	16	2	1	3	25	33	4	5	5	2	1	1	1	1.970000e+00	2.355000e+02	2703	1	1
84	4	17	2	1	4	5	8	3	5	5	2	1	1	1	1.860000e+00	2.373600e+02	3040	1	1
84	4	18	2	1	5	5	23	2	3	3	2	1	1	1	1.740000e+00	2.391000e+02	1557	1	1
84	4	19	2	2	1	21	40	3	5	3	1	1	1	1	2.120000e+00	2.412200e+02	4604	1	2
84	4	20	2	1	1	42	3	2	4	2	1	1	2	2	3.760000e+00	2.449800e+02	3145	0	1
84	4	21	2	1	2	34	20	4	3	3	2	1	1	1	2.040000e+00	2.470200e+02	3360	1	2
84	4	22	2	2	1	30	39	3	4	3	1	1	1	1	2.030000e+00	2.490500e+02	2888	1	2
84	4	23	2	2	2	21	27	5	2	5	1	1	1	1	2	2.510500e+02	2866	1	1
84	4	24	2	2	3	22	15	4	3	4	1	1	1	1	1.880000e+00	2.529300e+02	2596	1	1
84	4	25	2	1	1	5	23	4	5	4	1	1	2	2	3.550000e+00	2.564800e+02	2105	0	1
84	4	26	2	1	2	8	23	5	2	2	2	1	1	1	1.960000e+00	2.584400e+02	2363	1	2
84	4	27	2	1	3	51	32	3	2	2	2	1	1	1	1.860000e+00	2.603000e+02	2770	1	1
84	4	28	2	1	4	38	5	3	2	2	2	1	1	1	1.880000e+00	2.621800e+02	1752	1	1
84	4	29	2	2	1	20	12	4	3	4	1	1	1	1	2.170000e+00	2.643500e+02	1159	1	2
84	4	30	2	2	2	7	10	2	4	2	1	1	1	1	2.010000e+00	2.663600e+02	5271	1	1
84	4	31	2	2	3	52	4	5	2	5	1	1	1	1	1.860000e+00	2.682200e+02	5010	1	1
84	4	32	2	2	4	6	45	2	3	2	1	1	1	1	2	2.702200e+02	1743	1	1
84	4	33	2	2	5	10	45	2	5	2	1	1	1	1	1.870000e+00	2.720900e+02	1471	1	1
84	4	34	2	2	6	45	28	4	3	4	1	1	1	1	1.840000e+00	2.739300e+02	5409	1	1
84	4	35	2	1	1	53	19	4	5	4	1	1	2	2	3.880000e+00	2.778100e+02	3502	0	1
84	4	36	2	1	2	38	51	5	2	5	1	1	2	2	4.450000e+00	2.822600e+02	3168	0	1
84	4	37	2	1	3	3	45	5	2	2	2	1	1	1	2.020000e+00	2.842800e+02	2527	1	2
84	4	38	2	2	1	19	3	4	3	4	1	1	1	1	2.080000e+00	2.863600e+02	2159	1	2
84	4	39	2	2	2	5	35	2	4	4	2	1	2	2	3.450000e+00	2.898100e+02	2335	0	2
84	4	40	2	2	3	53	42	2	5	2	1	1	1	1	1.950000e+00	2.917600e+02	3879	1	2
84	4	41	2	2	4	52	50	5	3	5	1	1	1	1	1.970000e+00	2.937300e+02	3953	1	1
84	4	42	2	1	1	31	54	4	2	2	2	1	1	1	1.860000e+00	2.955900e+02	4056	1	2
84	4	43	2	2	1	15	46	2	5	2	1	1	1	1	1.840000e+00	2.974300e+02	2820	1	2
84	4	44	2	1	1	24	12	3	4	4	2	1	1	1	2.110000e+00	2.995400e+02	2544	1	2
84	4	45	2	1	2	46	9	5	3	3	2	1	1	1	2	3.015400e+02	1328	1	1
84	4	46	2	1	3	50	36	4	5	5	2	1	1	1	1.920000e+00	3.034600e+02	3536	1	1
84	4	47	2	1	4	11	5	4	5	5	2	1	1	1	2.090000e+00	3.055500e+02	2880	1	1
84	4	48	2	1	5	24	25	3	2	2	2	1	1	1	2.030000e+00	3.075800e+02	1994	1	1
84	4	49	2	1	6	41	49	4	2	2	2	1	1	1	1.880000e+00	3.094600e+02	3703	1	1
84	4	50	2	2	1	21	37	3	4	3	1	1	1	1	2.160000e+00	3.116200e+02	4393	1	2
84	4	51	2	2	2	41	46	2	5	2	1	1	1	1	2.030000e+00	3.136500e+02	3367	1	1
84	4	52	2	2	3	20	39	5	3	5	1	1	1	1	2.170000e+00	3.158200e+02	5445	1	1
84	4	53	2	2	4	20	7	5	4	5	1	1	1	1	2.130000e+00	3.179500e+02	1697	1	1
84	4	54	2	2	5	44	46	2	5	2	1	1	1	1	1.920000e+00	3.198700e+02	5659	1	1
84	4	55	2	1	1	41	33	3	5	5	2	1	1	1	1.850000e+00	3.217200e+02	2838	1	2
84	4	56	2	1	2	4	3	5	4	5	1	1	2	2	3.970000e+00	3.256900e+02	1922	0	2
84	4	57	2	2	1	20	37	4	2	4	1	1	1	1	1.960000e+00	3.276500e+02	2323	1	1
84	4	58	2	2	2	41	51	3	4	3	1	1	1	1	1.900000e+00	3.295500e+02	2179	1	1
84	4	59	2	2	3	4	5	5	2	5	1	1	1	1	2.060000e+00	3.316100e+02	2129	1	1
84	4	60	2	2	4	14	50	4	3	4	1	1	1	1	2.180000e+00	3.337900e+02	2913	1	1
84	4	61	2	2	5	40	25	4	2	4	1	1	1	1	1.940000e+00	3.357300e+02	4466	1	1
84	4	62	2	2	6	12	27	2	4	2	1	1	1	1	1.900000e+00	3.376300e+02	2708	1	1
84	4	63	2	1	1	44	30	4	5	4	1	1	2	2	3.880000e+00	3.415100e+02	4910	0	1
84	4	64	2	1	2	11	14	5	4	5	1	1	2	2	4.310000e+00	3.458200e+02	2919	0	1
84	4	65	2	1	3	27	39	2	5	3	0	0	0	0	0	3.458200e+02	2888	NaN	NaN
84	4	66	2	2	1	51	27	5	4	5	1	1	1	1	1.900000e+00	3.477200e+02	3503	1	NaN
84	4	67	2	2	2	50	17	4	2	4	1	1	1	1	1.860000e+00	3.495800e+02	1816	1	1
84	4	68	2	2	3	46	16	5	4	4	2	1	2	2	3.940000e+00	3.535200e+02	3069	0	2
84	4	69	2	2	4	17	14	4	2	4	1	1	1	1	1.990000e+00	3.555100e+02	3623	1	2
84	4	70	2	1	1	2	25	3	2	2	2	1	1	1	2.060000e+00	3.575700e+02	2148	1	2
84	4	71	2	1	2	53	24	2	3	3	2	1	1	1	1.930000e+00	3.595000e+02	1627	1	1
84	4	72	2	1	3	54	37	4	2	2	2	1	1	1	1.980000e+00	3.614800e+02	2944	1	1
84	4	73	2	1	4	47	23	5	3	3	2	1	1	1	1.950000e+00	3.634300e+02	1704	1	1
84	4	74	2	2	1	8	41	5	3	5	1	1	1	1	1.990000e+00	3.654200e+02	3904	1	2
84	4	75	2	2	2	53	15	3	2	2	2	1	2	2	4.720000e+00	3.701400e+02	7906	0	2
84	4	76	2	1	1	23	38	4	3	3	2	1	1	1	1.930000e+00	3.720700e+02	2755	1	1
84	4	77	2	1	2	12	38	2	5	5	2	1	1	1	1.840000e+00	3.739100e+02	3899	1	1
84	4	78	2	1	3	20	12	3	4	4	2	1	1	1	2.060000e+00	3.759700e+02	4829	1	1
84	4	79	2	1	4	51	9	2	4	4	2	1	1	1	1.890000e+00	3.778600e+02	4040	1	1
84	4	80	2	1	5	34	32	2	3	3	2	1	1	1	2	3.798600e+02	3436	1	1
84	4	81	2	2	1	22	30	5	4	5	1	1	1	1	1.930000e+00	3.817900e+02	2544	1	2
84	4	82	2	2	2	44	43	2	3	2	1	1	1	1	2.060000e+00	3.838500e+02	1840	1	1
84	4	83	2	2	3	10	45	2	4	2	1	1	1	1	2.070000e+00	3.859200e+02	3276	1	1
84	4	84	2	1	1	17	46	3	4	4	2	1	1	1	1.980000e+00	3.879000e+02	2998	1	2
84	4	1	3	2	1	47	35	3	4	3	1	1	1	1	1.760000e+00	3.896600e+02	6619	1	NaN
84	4	2	3	2	2	13	39	5	4	5	1	1	1	1	2.020000e+00	3.916800e+02	3760	1	1
84	4	3	3	2	3	3	54	3	4	3	1	1	1	1	2.190000e+00	3.938700e+02	3200	1	1
84	4	4	3	2	4	52	18	3	5	3	1	1	1	1	2.120000e+00	3.959900e+02	4237	1	1
84	4	5	3	2	5	29	1	2	4	2	1	1	1	1	1.810000e+00	3.978000e+02	2521	1	1
84	4	6	3	2	6	19	40	5	3	5	1	1	1	1	1.990000e+00	3.997900e+02	1594	1	1
84	4	7	3	1	1	6	34	3	5	5	2	1	1	1	1.920000e+00	4.017100e+02	3360	1	2
84	4	8	3	1	2	30	31	4	5	3	0	0	0	0	0	4.017100e+02	2287	NaN	NaN
84	4	9	3	1	3	27	11	4	5	4	1	1	2	2	3.520000e+00	4.052300e+02	2752	0	NaN
84	4	10	3	2	1	39	11	3	2	3	1	1	1	1	1.850000e+00	4.070800e+02	2295	1	1
84	4	11	3	2	2	18	12	3	2	3	1	1	1	1	2.030000e+00	4.091100e+02	3944	1	1
84	4	12	3	2	3	27	14	4	5	4	1	1	1	1	1.950000e+00	4.110600e+02	3687	1	1
84	4	13	3	2	4	14	24	5	4	5	1	1	1	1	2.010000e+00	4.130700e+02	6753	1	1
84	4	14	3	2	5	17	49	4	3	4	1	1	1	1	1.960000e+00	4.150300e+02	1321	1	1
84	4	15	3	1	1	35	47	4	3	3	2	1	1	1	1.950000e+00	4.169800e+02	3265	1	2
84	4	16	3	1	2	2	27	3	4	4	2	1	1	1	2.040000e+00	4.190200e+02	6868	1	1
84	4	17	3	1	3	40	34	5	2	2	2	1	1	1	2.090000e+00	4.211100e+02	3431	1	1
84	4	18	3	1	4	47	17	2	3	3	2	1	1	1	2.250000e+00	4.233600e+02	2795	1	1
84	4	19	3	1	5	15	49	2	4	4	2	1	1	1	1.840000e+00	4.252000e+02	4113	1	1
84	4	20	3	2	1	52	43	3	2	3	1	1	1	1	1.880000e+00	4.270800e+02	2473	1	2
84	4	21	3	1	1	54	53	4	3	3	2	1	1	1	2.120000e+00	4.292000e+02	4604	1	2
84	4	22	3	1	2	29	36	4	5	5	2	1	1	1	1.950000e+00	4.311500e+02	3362	1	1
84	4	23	3	1	3	28	1	4	2	2	2	1	1	1	1.840000e+00	4.329900e+02	3232	1	1
84	4	24	3	1	4	48	19	5	3	3	2	1	1	1	2.040000e+00	4.350300e+02	2252	1	1
84	4	25	3	1	5	29	12	3	2	2	2	1	1	1	2.180000e+00	4.372100e+02	1839	1	1
84	4	26	3	1	6	48	3	4	3	3	2	1	1	1	2.080000e+00	4.392900e+02	3828	1	1
84	4	27	3	2	1	46	16	5	4	5	1	1	1	1	2.230000e+00	4.415200e+02	4911	1	2
84	4	28	3	2	2	10	19	2	5	5	2	1	2	2	4.240000e+00	4.457600e+02	3496	0	2
84	4	29	3	2	3	33	23	2	5	5	2	1	2	2	4.880000e+00	4.506400e+02	2601	0	1
84	4	30	3	1	1	48	5	5	3	3	2	1	1	1	1.960000e+00	4.526000e+02	1463	1	1
84	4	31	3	1	2	25	40	3	4	4	2	1	1	1	1.870000e+00	4.544700e+02	3914	1	1
84	4	32	3	1	3	43	30	2	3	3	2	1	1	1	1.980000e+00	4.564500e+02	5354	1	1
84	4	33	3	1	4	22	13	2	5	5	2	1	1	1	2.140000e+00	4.585900e+02	3721	1	1
84	4	34	3	2	1	42	35	5	3	5	1	1	1	1	1.870000e+00	4.604600e+02	9458	1	2
84	4	35	3	2	2	43	8	3	5	3	1	1	1	1	2.070000e+00	4.625300e+02	2285	1	1
84	4	36	3	1	1	21	7	5	4	5	1	1	2	2	3.720000e+00	4.662500e+02	2343	0	1
84	4	37	3	2	1	49	31	5	2	5	1	1	1	1	2.060000e+00	4.683100e+02	3303	1	1
84	4	38	3	2	2	17	31	4	5	4	1	1	1	1	1.870000e+00	4.701800e+02	1704	1	1
84	4	39	3	2	3	4	25	5	2	5	1	1	1	1	2.010000e+00	4.721900e+02	4017	1	1
84	4	40	3	2	4	24	27	3	5	3	1	1	1	1	1.760000e+00	4.739500e+02	3222	1	1
84	4	41	3	1	1	27	31	4	2	2	2	1	1	1	1.940000e+00	4.758900e+02	2331	1	2
84	4	42	3	1	2	28	8	4	3	4	1	1	2	2	4.220000e+00	4.801100e+02	5187	0	2
84	4	43	3	2	1	53	28	2	4	2	1	1	1	1	1.960000e+00	4.820700e+02	1993	1	1
84	4	44	3	2	2	32	47	3	2	3	1	1	1	1	2.150000e+00	4.842200e+02	2710	1	1
84	4	45	3	2	3	11	8	5	2	5	1	1	1	1	1.930000e+00	4.861500e+02	1487	1	1
84	4	46	3	2	4	45	34	2	3	2	1	1	1	1	1.730000e+00	4.878800e+02	3897	1	1
84	4	47	3	2	5	3	38	2	5	2	1	1	1	1	1.850000e+00	4.897300e+02	4819	1	1
84	4	48	3	1	1	8	25	5	3	3	2	1	1	1	2.120000e+00	4.918500e+02	2671	1	2
84	4	49	3	1	2	15	8	5	3	5	1	1	2	2	3.950000e+00	4.958000e+02	3386	0	2
84	4	50	3	2	1	21	14	2	4	2	1	1	1	1	2.040000e+00	4.978400e+02	3168	1	1
84	4	51	3	2	2	14	40	2	3	2	1	1	1	1	2.110000e+00	4.999500e+02	1431	1	1
84	4	52	3	2	3	30	16	5	2	2	2	1	2	2	3	5.029500e+02	2674	0	2
84	4	53	3	1	1	28	21	2	5	5	2	1	1	1	1.920000e+00	5.048700e+02	2797	1	1
84	4	54	3	1	2	50	35	5	4	4	2	1	1	1	1.920000e+00	5.067900e+02	5474	1	1
84	4	55	3	1	3	13	30	3	2	3	1	1	2	2	3.520000e+00	5.103100e+02	2941	0	2
84	4	56	3	1	4	19	27	2	5	5	2	1	1	1	1.980000e+00	5.122900e+02	1765	1	2
84	4	57	3	2	1	7	50	4	3	4	1	1	1	1	2.180000e+00	5.144700e+02	1324	1	2
84	4	58	3	2	2	8	37	5	4	4	2	1	2	2	3.980000e+00	5.184500e+02	4556	0	2
84	4	59	3	2	3	3	26	2	4	2	1	1	1	1	2.140000e+00	5.205900e+02	1732	1	2
84	4	60	3	2	4	29	21	2	3	2	1	1	1	1	1.920000e+00	5.225100e+02	2556	1	1
84	4	61	3	2	5	5	26	4	2	4	1	1	1	1	2	5.245100e+02	1451	1	1
84	4	62	3	2	6	52	51	3	4	3	1	1	1	1	1.910000e+00	5.264200e+02	2934	1	1
84	4	63	3	1	1	31	36	2	4	4	2	1	1	1	2.070000e+00	5.284900e+02	3702	1	2
84	4	64	3	1	2	19	40	2	5	5	2	1	1	1	1.970000e+00	5.304600e+02	2920	1	1
84	4	65	3	1	3	40	25	3	5	5	2	1	1	1	2.060000e+00	5.325200e+02	2464	1	1
84	4	66	3	2	1	21	6	4	2	4	1	1	1	1	2.080000e+00	5.346000e+02	4163	1	2
84	4	67	3	2	2	17	5	3	2	3	1	1	1	1	1.990000e+00	5.365900e+02	9506	1	1
84	4	68	3	1	1	28	45	3	5	3	1	1	2	2	4.420000e+00	5.410100e+02	4923	0	1
84	4	69	3	2	1	41	8	5	3	3	2	1	2	2	5.090000e+00	5.461000e+02	3004	0	2
84	4	70	3	1	1	45	26	4	5	5	2	1	1	1	2.060000e+00	5.481600e+02	2433	1	1
84	4	71	3	1	2	2	31	4	2	2	2	1	1	1	2	5.501600e+02	2053	1	1
84	4	72	3	1	3	8	17	4	2	2	2	1	1	1	2.110000e+00	5.522700e+02	1928	1	1
84	4	73	3	1	4	27	46	5	2	2	2	1	1	1	2.010000e+00	5.542800e+02	2728	1	1
84	4	74	3	1	5	25	42	2	3	3	2	1	1	1	1.870000e+00	5.561500e+02	4272	1	1
84	4	75	3	1	6	34	41	3	5	5	2	1	1	1	2.060000e+00	5.582100e+02	3155	1	1
84	4	76	3	2	1	19	41	2	3	2	1	1	1	1	2	5.602100e+02	4634	1	2
84	4	77	3	2	2	11	20	3	4	3	1	1	1	1	1.970000e+00	5.621800e+02	1638	1	1
84	4	78	3	2	3	34	36	5	2	5	1	1	1	1	2.150000e+00	5.643300e+02	5210	1	1
84	4	79	3	2	4	24	18	4	5	4	1	1	1	1	2.220000e+00	5.665500e+02	2192	1	1
84	4	80	3	1	1	54	44	4	2	2	2	1	1	1	1.940000e+00	5.684900e+02	2158	1	2
84	4	81	3	1	2	32	48	5	4	4	2	1	1	1	2.010000e+00	5.705000e+02	3837	1	1
84	4	82	3	1	3	44	15	2	4	2	1	1	2	2	3.620000e+00	5.741200e+02	2537	0	2
84	4	83	3	1	4	49	36	3	4	3	1	1	2	2	4.320000e+00	5.784400e+02	3289	0	1
84	4	84	3	1	5	8	44	4	3	4	1	1	2	2	2.890000e+00	5.813300e+02	2315	0	1
84	4	1	4	1	1	30	16	3	5	3	1	1	2	2	4.470000e+00	5.858000e+02	4417	0	NaN
84	4	2	4	1	2	48	11	3	4	4	2	1	1	1	2.030000e+00	5.878300e+02	2141	1	2
84	4	3	4	1	3	7	13	4	2	2	2	1	1	1	2.030000e+00	5.898600e+02	4758	1	1
84	4	4	4	1	4	4	22	2	5	5	2	1	1	1	2.140000e+00	592	3573	1	1
84	4	5	4	1	5	27	42	5	2	2	2	1	1	1	1.970000e+00	5.939700e+02	2412	1	1
84	4	6	4	1	6	34	6	4	5	5	2	1	1	1	1.980000e+00	5.959500e+02	2440	1	1
84	4	7	4	2	1	17	44	2	5	2	1	1	1	1	1.850000e+00	5.978000e+02	1716	1	2
84	4	8	4	2	2	45	54	5	4	5	1	1	1	1	1.800000e+00	5.996000e+02	2196	1	1
84	4	9	4	2	3	8	3	5	3	5	1	1	1	1	1.920000e+00	6.015200e+02	1970	1	1
84	4	10	4	2	4	14	15	5	4	5	1	1	1	1	2.030000e+00	6.035500e+02	2337	1	1
84	4	11	4	2	5	26	23	2	3	2	1	1	1	1	1.940000e+00	6.054900e+02	2121	1	1
84	4	12	4	2	6	2	32	4	2	4	1	1	1	1	1.840000e+00	6.073300e+02	3050	1	1
84	4	13	4	1	1	24	49	5	2	2	2	1	1	1	2.130000e+00	6.094600e+02	3821	1	2
84	4	14	4	2	1	4	14	3	2	3	1	1	1	1	1.920000e+00	6.113800e+02	2490	1	2
84	4	15	4	2	2	33	31	4	2	4	1	1	1	1	2	6.133800e+02	3683	1	1
84	4	16	4	1	1	35	17	2	4	4	2	1	1	1	2	6.153800e+02	1909	1	2
84	4	17	4	1	2	7	37	3	5	5	2	1	1	1	1.970000e+00	6.173500e+02	6431	1	1
84	4	18	4	1	3	50	45	4	2	2	2	1	1	1	2.050000e+00	6.194000e+02	3179	1	1
84	4	19	4	2	1	28	26	3	5	3	1	1	1	1	1.970000e+00	6.213700e+02	2809	1	2
84	4	20	4	2	2	29	12	4	3	4	1	1	1	1	1.800000e+00	6.231700e+02	1750	1	1
84	4	21	4	2	3	15	31	2	3	2	1	1	1	1	1.880000e+00	6.250500e+02	3118	1	1
84	4	22	4	2	4	40	48	5	2	5	1	1	1	1	2.030000e+00	6.270800e+02	3750	1	1
84	4	23	4	1	1	38	29	2	5	2	1	1	2	2	3.410000e+00	6.304900e+02	2149	0	1
84	4	24	4	1	2	30	16	5	4	5	1	1	2	2	3.840000e+00	6.343300e+02	9117	0	1
84	4	25	4	1	3	17	46	4	3	4	1	1	2	2	3.560000e+00	6.378900e+02	3709	0	1
84	4	26	4	1	4	31	11	5	4	4	2	1	1	1	1.860000e+00	6.397500e+02	1127	1	2
84	4	27	4	2	1	18	42	3	5	3	1	1	1	1	1.880000e+00	6.416300e+02	2623	1	2
84	4	28	4	2	2	19	37	2	4	2	1	1	1	1	1.950000e+00	6.435800e+02	3652	1	1
84	4	29	4	2	3	24	3	5	3	3	2	1	2	2	4.080000e+00	6.476600e+02	1559	0	2
84	4	30	4	1	1	32	16	3	2	2	2	1	1	1	1.990000e+00	6.496500e+02	4646	1	1
84	4	31	4	1	2	52	44	5	3	3	2	1	1	1	2.130000e+00	6.517800e+02	3937	1	1
84	4	32	4	2	1	1	35	5	4	5	1	1	1	1	1.970000e+00	6.537500e+02	7433	1	2
84	4	33	4	2	2	16	30	4	2	4	1	1	1	1	1.820000e+00	6.555700e+02	6701	1	1
84	4	34	4	2	3	28	26	2	5	2	1	1	1	1	2	6.575700e+02	1607	1	1
84	4	35	4	2	4	1	18	3	4	3	1	1	1	1	2.010000e+00	6.595800e+02	2428	1	1
84	4	36	4	2	5	18	16	4	5	4	1	1	1	1	2.040000e+00	6.616200e+02	3848	1	1
84	4	37	4	1	1	14	1	4	5	5	2	1	1	1	2.060000e+00	6.636800e+02	2315	1	2
84	4	38	4	1	2	3	6	2	4	4	2	1	1	1	2.150000e+00	6.658300e+02	1540	1	1
84	4	39	4	1	3	10	53	3	2	2	2	1	1	1	1.940000e+00	6.677700e+02	2284	1	1
84	4	40	4	1	4	12	30	4	2	4	1	1	2	2	4.120000e+00	6.718900e+02	1638	0	2
84	4	41	4	1	5	4	41	4	5	4	1	1	2	2	3.990000e+00	6.758800e+02	1426	0	1
84	4	42	4	2	1	29	39	2	4	2	1	1	1	1	1.930000e+00	6.778100e+02	1935	1	1
84	4	43	4	1	1	49	52	2	4	4	2	1	1	1	2.250000e+00	6.800600e+02	1774	1	2
84	4	44	4	1	2	17	49	3	4	4	2	1	1	1	1.970000e+00	6.820300e+02	1581	1	1
84	4	45	4	2	1	52	47	2	3	2	1	1	1	1	1.830000e+00	6.838600e+02	2451	1	2
84	4	46	4	2	2	5	18	3	4	3	1	1	1	1	2.210000e+00	6.860700e+02	3759	1	1
84	4	47	4	2	3	50	21	5	4	4	2	1	2	2	4.150000e+00	6.902200e+02	1854	0	2
84	4	48	4	2	4	1	31	3	4	3	1	1	1	1	1.870000e+00	6.920900e+02	2273	1	2
84	4	49	4	1	1	47	6	4	3	3	2	1	1	1	2.070000e+00	6.941600e+02	4940	1	2
84	4	50	4	1	2	17	31	5	2	2	2	1	1	1	2.150000e+00	6.963100e+02	3260	1	1
84	4	51	4	1	3	36	44	4	5	5	2	1	1	1	1.890000e+00	6.982000e+02	3639	1	1
84	4	52	4	1	4	31	23	3	5	5	2	1	1	1	2.020000e+00	7.002200e+02	2747	1	1
84	4	53	4	2	1	3	49	4	3	4	1	1	1	1	1.980000e+00	7.022000e+02	1251	1	2
84	4	54	4	2	2	10	14	5	2	5	1	1	1	1	1.860000e+00	7.040600e+02	1670	1	1
84	4	55	4	2	3	22	19	3	2	3	1	1	1	1	2.140000e+00	7.062000e+02	2008	1	1
84	4	56	4	2	4	36	29	4	3	4	1	1	1	1	2	7.082000e+02	3798	1	1
84	4	57	4	2	5	18	39	3	5	3	1	1	1	1	2.060000e+00	7.102600e+02	3795	1	1
84	4	58	4	2	6	25	12	2	4	4	2	1	2	2	3.660000e+00	7.139200e+02	1785	0	2
84	4	59	4	1	1	3	27	2	5	2	1	1	2	2	3.690000e+00	7.176100e+02	1159	0	2
84	4	60	4	2	1	48	10	2	3	3	2	1	2	2	4.150000e+00	7.217600e+02	1206	0	2
84	4	61	4	2	2	23	26	5	4	5	1	1	1	1	2.010000e+00	7.237700e+02	3836	1	2
84	4	62	4	2	3	1	49	5	2	2	2	1	2	2	4.870000e+00	7.286400e+02	1312	0	2
84	4	63	4	1	1	46	35	4	3	3	2	1	1	1	1.970000e+00	7.306100e+02	5680	1	1
84	4	64	4	1	2	48	52	5	3	3	2	1	1	1	2.260000e+00	7.328700e+02	2746	1	1
84	4	65	4	1	3	21	22	3	4	4	2	1	1	1	2.180000e+00	7.350500e+02	1890	1	1
84	4	66	4	1	4	38	48	4	5	5	2	1	1	1	1.770000e+00	7.368200e+02	2780	1	1
84	4	67	4	1	5	17	51	3	5	5	2	1	1	1	1.800000e+00	7.386200e+02	1689	1	1
84	4	68	4	2	1	12	50	2	4	4	2	1	2	2	3.730000e+00	7.423500e+02	1555	0	1
84	4	69	4	1	1	17	15	2	5	2	1	1	2	2	3.910000e+00	7.462600e+02	1627	0	2
84	4	70	4	1	2	5	11	3	2	3	1	1	2	2	4	7.502600e+02	1256	0	1
84	4	71	4	1	3	48	29	2	3	3	2	1	1	1	2.100000e+00	7.523600e+02	6075	1	2
84	4	72	4	2	1	7	41	5	2	5	1	1	1	1	1.910000e+00	7.542700e+02	4302	1	2
84	4	73	4	2	2	12	49	3	4	3	1	1	1	1	1.910000e+00	7.561800e+02	3559	1	1
84	4	74	4	1	1	30	41	2	5	5	2	1	1	1	1.980000e+00	7.581600e+02	2646	1	2
84	4	75	4	1	2	43	6	5	3	3	2	1	1	1	2	7.601600e+02	4961	1	1
84	4	76	4	1	3	50	20	5	3	3	2	1	1	1	2.030000e+00	7.621900e+02	1656	1	1
84	4	77	4	1	4	38	45	3	2	2	2	1	1	1	2.120000e+00	7.643100e+02	3428	1	1
84	4	78	4	1	5	38	31	4	2	2	2	1	1	1	2.070000e+00	7.663800e+02	7216	1	1
84	4	79	4	1	6	8	21	3	2	2	2	1	1	1	1.790000e+00	7.681700e+02	1813	1	1
84	4	80	4	2	1	34	1	4	3	4	1	1	1	1	2.080000e+00	7.702500e+02	4114	1	2
84	4	81	4	2	2	39	54	2	3	3	2	1	2	2	4.380000e+00	7.746300e+02	3970	0	2
84	4	82	4	2	3	48	16	2	3	3	2	1	2	2	4.300000e+00	7.789300e+02	1777	0	1
84	4	83	4	2	4	9	34	5	3	3	2	1	2	2	4.620000e+00	7.835500e+02	2295	0	1
84	4	84	4	2	5	14	26	4	5	5	2	1	2	2	4.150000e+00	7.877000e+02	3640	0	1
