LEDISAS2	Code = 52	
SubNo	Group(1=OHRHV,SLRLV; 2=OHRLV,SLRHV; 3=OLRHV,SHRLV, 4 = OLRLV,SHRHV)	Block_trial	Block	VarDist_cond	Run_number	Targ1_position	Targ2_position	Red_targ_digit	Blue_targ_digit	Response	Targ_Choice	Acc	RewardOutcome(0=inaccurate;1=lowReward;2=highReward)	VarianceOutcome(0=inaccurate; 1=lowVariance; 2=highVariance)	OutcomeValue	Points	RT	Optimal_Choice	Repeat_Switch
52	4	1	0	1	1	9	43	4	2	4	1	1	NaN	NaN	0	0	2896	0	NaN
52	4	2	0	2	1	50	31	5	4	3	0	0	NaN	NaN	0	0	2080	NaN	NaN
52	4	3	0	1	1	46	11	4	5	2	0	0	NaN	NaN	0	0	1404	NaN	NaN
52	4	4	0	1	2	26	40	2	5	2	1	1	NaN	NaN	0	0	1655	0	NaN
52	4	5	0	1	3	42	24	2	5	5	2	1	NaN	NaN	0	0	3523	1	2
52	4	6	0	1	4	23	5	4	5	4	1	1	NaN	NaN	0	0	3419	0	2
52	4	7	0	1	5	50	49	3	4	4	2	1	NaN	NaN	0	0	2007	1	2
52	4	8	0	1	6	28	14	2	3	2	1	1	NaN	NaN	0	0	2460	0	2
52	4	9	0	2	1	33	10	3	2	2	2	1	NaN	NaN	0	0	1544	0	2
52	4	10	0	2	2	23	21	5	4	5	1	1	NaN	NaN	0	0	7967	1	2
52	4	1	1	1	1	16	20	5	2	2	2	1	1	1	1.950000e+00	1.950000e+00	3766	1	NaN
52	4	2	1	2	1	29	11	4	5	4	1	1	1	1	1.800000e+00	3.750000e+00	3312	1	2
52	4	3	1	1	1	2	53	4	3	3	2	1	1	1	2.010000e+00	5.760000e+00	5801	1	2
52	4	4	1	1	2	2	20	5	2	5	1	1	2	2	4.140000e+00	9.900000e+00	3742	0	2
52	4	5	1	1	3	17	14	2	4	4	2	1	1	1	1.860000e+00	1.176000e+01	3510	1	2
52	4	6	1	1	4	22	29	4	5	4	1	1	2	2	4.560000e+00	1.632000e+01	2423	0	2
52	4	7	1	1	5	18	45	5	2	5	1	1	2	2	4.560000e+00	2.088000e+01	1643	0	1
52	4	8	1	1	6	25	45	4	2	4	1	1	2	2	3.980000e+00	2.486000e+01	1512	0	1
52	4	9	1	2	1	27	14	5	4	5	1	1	1	1	2.040000e+00	2.690000e+01	1072	1	1
52	4	10	1	2	2	28	53	5	2	5	1	1	1	1	2.020000e+00	2.892000e+01	1083	1	1
52	4	11	1	1	1	23	3	2	4	4	2	1	1	1	1.980000e+00	3.090000e+01	1725	1	2
52	4	12	1	1	2	51	35	4	2	4	1	1	2	2	4.340000e+00	3.524000e+01	1973	0	2
52	4	13	1	2	1	3	22	4	3	4	1	1	1	1	1.930000e+00	3.717000e+01	1716	1	1
52	4	14	1	2	2	48	10	4	5	4	1	1	1	1	2.260000e+00	3.943000e+01	3629	1	1
52	4	15	1	2	3	23	35	2	5	3	0	0	0	0	0	3.943000e+01	2577	NaN	NaN
52	4	16	1	2	4	48	4	5	4	5	1	1	1	1	1.980000e+00	4.141000e+01	3979	1	NaN
52	4	17	1	2	5	9	17	5	3	5	1	1	1	1	2.010000e+00	4.342000e+01	1401	1	1
52	4	18	1	1	1	8	29	3	2	3	1	1	2	2	4.500000e+00	4.792000e+01	2598	0	1
52	4	19	1	1	2	15	32	3	4	3	1	1	2	2	4.030000e+00	5.195000e+01	3516	0	1
52	4	20	1	1	3	5	42	5	2	2	2	1	1	1	1.990000e+00	5.394000e+01	4084	1	2
52	4	21	1	1	4	16	3	5	2	2	2	1	1	1	1.900000e+00	5.584000e+01	2838	1	1
52	4	22	1	2	1	7	32	2	5	2	1	1	1	1	2.030000e+00	5.787000e+01	1546	1	2
52	4	23	1	2	2	37	11	3	5	3	1	1	1	1	1.840000e+00	5.971000e+01	2066	1	1
52	4	24	1	2	3	19	5	3	5	3	1	1	1	1	2.080000e+00	6.179000e+01	1724	1	1
52	4	25	1	2	4	20	40	4	3	3	2	1	2	2	4.770000e+00	6.656000e+01	8421	0	2
52	4	26	1	2	5	6	52	3	4	4	2	1	2	2	3.670000e+00	7.023000e+01	5161	0	1
52	4	27	1	2	6	31	7	3	4	4	2	1	2	2	4.400000e+00	7.463000e+01	2264	0	1
52	4	28	1	1	1	31	53	4	3	3	2	1	1	1	2.150000e+00	7.678000e+01	3947	1	1
52	4	29	1	1	2	4	27	3	4	4	2	1	1	1	1.810000e+00	7.859000e+01	1138	1	1
52	4	30	1	1	3	3	30	4	5	4	1	1	2	2	3.320000e+00	8.191000e+01	4515	0	2
52	4	31	1	2	1	36	40	5	3	3	2	1	2	2	4.270000e+00	8.618000e+01	3259	0	2
52	4	32	1	2	2	15	16	3	2	3	1	1	1	1	1.950000e+00	8.813000e+01	5062	1	2
52	4	33	1	2	3	26	8	5	4	4	2	1	2	2	4.330000e+00	9.246000e+01	3954	0	2
52	4	34	1	2	4	46	10	2	4	4	2	1	2	2	4.380000e+00	9.684000e+01	1145	0	1
52	4	35	1	1	1	35	7	3	5	5	2	1	1	1	2.080000e+00	9.892000e+01	4384	1	1
52	4	36	1	1	2	38	39	5	3	3	2	1	1	1	2.150000e+00	1.010700e+02	14615	1	1
52	4	37	1	1	3	47	38	4	3	4	1	1	2	2	4.320000e+00	1.053900e+02	1883	0	2
52	4	38	1	1	4	44	47	2	4	4	2	1	1	1	2.140000e+00	1.075300e+02	1542	1	2
52	4	39	1	1	5	10	29	3	2	2	2	1	1	1	1.860000e+00	1.093900e+02	2605	1	1
52	4	40	1	2	1	46	1	3	2	3	1	1	1	1	2	1.113900e+02	4203	1	2
52	4	41	1	2	2	36	42	3	5	5	2	1	2	2	3.930000e+00	1.153200e+02	7224	0	2
52	4	42	1	2	3	20	48	5	3	3	2	1	2	2	3.240000e+00	1.185600e+02	5612	0	1
52	4	43	1	1	1	44	48	4	5	5	2	1	1	1	2.030000e+00	1.205900e+02	3561	1	1
52	4	44	1	1	2	54	8	3	2	3	1	1	2	2	3.500000e+00	1.240900e+02	2472	0	2
52	4	45	1	1	3	40	27	3	5	3	1	1	2	2	4.670000e+00	1.287600e+02	3971	0	1
52	4	46	1	2	1	51	39	5	3	5	1	1	1	1	1.910000e+00	1.306700e+02	4498	1	1
52	4	47	1	1	1	49	15	5	4	5	1	1	2	2	4.250000e+00	1.349200e+02	4379	0	1
52	4	48	1	2	1	51	36	2	4	4	2	1	2	2	4.100000e+00	1.390200e+02	4649	0	2
52	4	49	1	2	2	21	5	2	4	2	1	1	1	1	1.890000e+00	1.409100e+02	3836	1	2
52	4	50	1	2	3	25	33	4	5	5	2	1	2	2	2.980000e+00	1.438900e+02	9968	0	2
52	4	51	1	1	1	28	37	5	4	4	2	1	1	1	1.990000e+00	1.458800e+02	2887	1	1
52	4	52	1	1	2	21	50	3	5	3	1	1	2	2	3.520000e+00	1.494000e+02	3473	0	2
52	4	53	1	1	3	40	47	4	2	2	2	1	1	1	2.070000e+00	1.514700e+02	1836	1	2
52	4	54	1	1	4	29	18	2	5	2	1	1	2	2	4.240000e+00	1.557100e+02	1752	0	2
52	4	55	1	2	1	51	12	5	3	3	2	1	2	2	4.800000e+00	1.605100e+02	1439	0	2
52	4	56	1	2	2	44	52	2	5	2	1	1	1	1	2.070000e+00	1.625800e+02	2027	1	2
52	4	57	1	1	1	15	44	4	3	4	1	1	2	2	3.700000e+00	1.662800e+02	2560	0	1
52	4	58	1	1	2	22	26	4	2	4	1	1	2	2	4.180000e+00	1.704600e+02	2039	0	1
52	4	59	1	1	3	6	31	2	5	2	1	1	2	2	3.520000e+00	1.739800e+02	1195	0	1
52	4	60	1	1	4	27	15	4	2	4	1	1	2	2	3.990000e+00	1.779700e+02	1936	0	1
52	4	61	1	1	5	40	39	2	3	2	1	1	2	2	3.980000e+00	1.819500e+02	2936	0	1
52	4	62	1	2	1	3	31	3	4	4	2	1	2	2	4	1.859500e+02	3489	0	2
52	4	63	1	2	2	3	40	3	2	2	2	1	2	2	3.850000e+00	1.898000e+02	4090	0	1
52	4	64	1	2	3	27	43	5	4	4	2	1	2	2	4.520000e+00	1.943200e+02	2093	0	1
52	4	65	1	2	4	4	25	4	2	4	1	1	1	1	1.780000e+00	1.961000e+02	1734	1	2
52	4	66	1	1	1	54	47	2	3	2	1	1	2	2	4.200000e+00	2.003000e+02	2510	0	1
52	4	67	1	1	2	48	21	2	3	2	1	1	2	2	4.420000e+00	2.047200e+02	3176	0	1
52	4	68	1	2	1	14	33	5	3	5	1	1	1	1	2.090000e+00	2.068100e+02	3246	1	1
52	4	69	1	2	2	39	53	3	5	5	2	1	2	2	4.270000e+00	2.110800e+02	5194	0	2
52	4	70	1	2	3	27	1	2	3	3	2	1	2	2	4.020000e+00	2.151000e+02	1864	0	1
52	4	71	1	2	4	18	2	2	3	3	2	1	2	2	4.320000e+00	2.194200e+02	1483	0	1
52	4	72	1	2	5	3	12	4	5	5	2	1	2	2	4.270000e+00	2.236900e+02	1061	0	1
52	4	73	1	1	1	35	50	2	4	2	1	1	2	2	3.880000e+00	2.275700e+02	1248	0	2
52	4	74	1	1	2	6	1	4	3	3	2	1	1	1	1.960000e+00	2.295300e+02	1963	1	2
52	4	75	1	1	3	49	10	4	2	2	2	1	1	1	1.970000e+00	2.315000e+02	1114	1	1
52	4	76	1	1	4	47	20	5	2	3	0	0	0	0	0	2.315000e+02	1186	NaN	NaN
52	4	77	1	1	5	10	38	5	4	5	1	1	2	2	3.300000e+00	2.348000e+02	1141	0	NaN
52	4	78	1	1	6	41	26	3	4	3	1	1	2	2	3.890000e+00	2.386900e+02	1917	0	1
52	4	79	1	2	1	22	50	3	4	4	2	1	2	2	4.060000e+00	2.427500e+02	4462	0	2
52	4	80	1	2	2	19	38	3	2	2	2	1	2	2	4.150000e+00	2.469000e+02	3457	0	1
52	4	81	1	2	3	4	36	2	3	3	2	1	2	2	4.680000e+00	2.515800e+02	4524	0	1
52	4	82	1	2	4	35	16	2	5	5	2	1	2	2	3.830000e+00	2.554100e+02	5205	0	1
52	4	83	1	2	5	20	29	2	3	3	2	1	2	2	4.290000e+00	2.597000e+02	6202	0	1
52	4	84	1	2	6	17	43	2	5	5	2	1	2	2	4.380000e+00	2.640800e+02	2688	0	1
52	4	1	2	1	1	50	37	4	5	4	1	1	2	2	4.440000e+00	2.685200e+02	1756	0	NaN
52	4	2	2	1	2	18	10	5	2	2	2	1	1	1	1.880000e+00	2.704000e+02	5476	1	2
52	4	3	2	1	3	9	23	2	4	2	1	1	2	2	4.100000e+00	2.745000e+02	1558	0	2
52	4	4	2	2	1	30	5	5	3	3	2	1	2	2	4.110000e+00	2.786100e+02	5309	0	2
52	4	5	2	2	2	45	46	2	3	3	2	1	2	2	3.530000e+00	2.821400e+02	4679	0	1
52	4	6	2	1	1	8	26	5	4	4	2	1	1	1	1.910000e+00	2.840500e+02	1513	1	1
52	4	7	2	1	2	38	4	2	4	2	1	1	2	2	4.510000e+00	2.885600e+02	4505	0	2
52	4	8	2	1	3	1	16	4	2	4	1	1	2	2	3.940000e+00	2.925000e+02	1731	0	1
52	4	9	2	1	4	15	28	2	3	2	1	1	2	2	4.180000e+00	2.966800e+02	3939	0	1
52	4	10	2	1	5	7	54	4	5	4	1	1	2	2	4.040000e+00	3.007200e+02	2675	0	1
52	4	11	2	1	6	20	49	4	3	4	1	1	2	2	3.700000e+00	3.044200e+02	1925	0	1
52	4	12	2	2	1	15	52	5	3	5	1	1	1	1	1.930000e+00	3.063500e+02	2518	1	1
52	4	13	2	1	1	33	18	2	4	4	2	1	1	1	2.050000e+00	3.084000e+02	2455	1	2
52	4	14	2	1	2	38	45	2	5	2	1	1	2	2	3.550000e+00	3.119500e+02	2690	0	2
52	4	15	2	1	3	38	32	4	3	4	1	1	2	2	4.370000e+00	3.163200e+02	4628	0	1
52	4	16	2	1	4	51	45	5	3	3	2	1	1	1	2.070000e+00	3.183900e+02	3185	1	2
52	4	17	2	2	1	33	3	5	3	3	2	1	2	2	3.610000e+00	3.220000e+02	3135	0	1
52	4	18	2	2	2	42	40	2	4	4	2	1	2	2	3.870000e+00	3.258700e+02	4087	0	1
52	4	19	2	2	3	53	28	5	2	2	2	1	2	2	3.440000e+00	3.293100e+02	1441	0	1
52	4	20	2	1	1	48	11	2	5	5	2	1	1	1	1.740000e+00	3.310500e+02	997	1	1
52	4	21	2	1	2	49	19	2	3	3	2	1	1	1	2.120000e+00	3.331700e+02	3466	1	1
52	4	22	2	2	1	51	43	4	2	4	1	1	1	1	1.940000e+00	3.351100e+02	1885	1	2
52	4	23	2	2	2	18	36	2	5	2	1	1	1	1	2.040000e+00	3.371500e+02	3527	1	1
52	4	24	2	2	3	35	40	2	4	4	2	1	2	2	4.110000e+00	3.412600e+02	3639	0	2
52	4	25	2	2	4	9	24	2	3	3	2	1	2	2	4.010000e+00	3.452700e+02	1979	0	1
52	4	26	2	1	1	30	47	4	2	2	2	1	1	1	1.880000e+00	3.471500e+02	1849	1	1
52	4	27	2	1	2	43	37	4	5	5	2	1	1	1	1.890000e+00	3.490400e+02	2821	1	1
52	4	28	2	1	3	10	24	2	3	3	2	1	1	1	1.960000e+00	3.510000e+02	3505	1	1
52	4	29	2	1	4	18	46	4	5	5	2	1	1	1	1.860000e+00	3.528600e+02	1963	1	1
52	4	30	2	1	5	43	2	5	2	5	1	1	2	2	3.500000e+00	3.563600e+02	3577	0	2
52	4	31	2	2	1	46	42	5	3	5	1	1	1	1	2.170000e+00	3.585300e+02	4128	1	1
52	4	32	2	2	2	25	1	5	2	5	1	1	1	1	2.010000e+00	3.605400e+02	1121	1	1
52	4	33	2	2	3	49	24	5	4	5	1	1	1	1	1.860000e+00	3.624000e+02	1705	1	1
52	4	34	2	2	4	2	15	2	3	2	1	1	1	1	2	3.644000e+02	1107	1	1
52	4	35	2	2	5	22	16	3	5	5	2	1	2	2	3.470000e+00	3.678700e+02	4036	0	2
52	4	36	2	2	6	23	21	4	2	2	2	1	2	2	3.360000e+00	3.712300e+02	2608	0	1
52	4	37	2	1	1	41	20	5	4	4	2	1	1	1	1.970000e+00	3.732000e+02	1925	1	1
52	4	38	2	2	1	1	25	3	4	4	2	1	2	2	4.450000e+00	3.776500e+02	3470	0	1
52	4	39	2	2	2	36	33	5	4	5	1	1	1	1	2.020000e+00	3.796700e+02	2825	1	2
52	4	40	2	2	3	7	35	3	2	3	1	1	1	1	2.080000e+00	3.817500e+02	2525	1	1
52	4	41	2	2	4	42	14	3	4	3	1	1	1	1	1.860000e+00	3.836100e+02	3311	1	1
52	4	42	2	2	5	25	43	4	2	4	1	1	1	1	1.950000e+00	3.855600e+02	1615	1	1
52	4	43	2	1	1	6	38	3	2	2	2	1	1	1	1.970000e+00	3.875300e+02	2380	1	2
52	4	44	2	1	2	37	4	4	3	4	1	1	2	2	3.430000e+00	3.909600e+02	4722	0	2
52	4	45	2	1	3	47	53	5	4	5	1	1	2	2	3.380000e+00	3.943400e+02	7003	0	1
52	4	46	2	1	4	13	42	3	2	3	1	1	2	2	4.440000e+00	3.987800e+02	8159	0	1
52	4	47	2	2	1	14	12	2	5	2	1	1	1	1	2	4.007800e+02	1463	1	1
52	4	48	2	2	2	16	20	4	3	3	2	1	2	2	3.700000e+00	4.044800e+02	3297	0	2
52	4	49	2	2	3	5	1	3	2	2	2	1	2	2	4.380000e+00	4.088600e+02	1259	0	1
52	4	50	2	1	1	11	35	4	3	4	1	1	2	2	4.110000e+00	4.129700e+02	4902	0	2
52	4	51	2	1	2	17	2	3	4	3	1	1	2	2	3.530000e+00	4.165000e+02	3167	0	1
52	4	52	2	2	1	19	50	3	4	4	2	1	2	2	4.630000e+00	4.211300e+02	1950	0	2
52	4	53	2	2	2	12	13	4	3	3	2	1	2	2	4.140000e+00	4.252700e+02	2125	0	1
52	4	54	2	2	3	18	4	5	2	2	2	1	2	2	4.700000e+00	4.299700e+02	1982	0	1
52	4	55	2	2	4	26	15	2	4	4	2	1	2	2	4.540000e+00	4.345100e+02	3036	0	1
52	4	56	2	2	5	1	15	3	2	2	2	1	2	2	3.680000e+00	4.381900e+02	4768	0	1
52	4	57	2	1	1	49	40	3	4	3	1	1	2	2	3.390000e+00	4.415800e+02	2439	0	2
52	4	58	2	2	1	11	18	5	2	2	2	1	2	2	3.970000e+00	4.455500e+02	4683	0	2
52	4	59	2	2	2	24	27	2	5	5	2	1	2	2	3.840000e+00	4.493900e+02	2333	0	1
52	4	60	2	1	1	52	34	3	5	5	2	1	1	1	1.900000e+00	4.512900e+02	2837	1	1
52	4	61	2	1	2	5	44	2	5	2	1	1	2	2	4.230000e+00	4.555200e+02	2921	0	2
52	4	62	2	1	3	49	23	5	4	5	1	1	2	2	4.700000e+00	4.602200e+02	1538	0	1
52	4	63	2	1	4	8	4	5	3	5	1	1	2	2	3.740000e+00	4.639600e+02	1785	0	1
52	4	64	2	1	5	33	43	4	5	4	1	1	2	2	3.600000e+00	4.675600e+02	4367	0	1
52	4	65	2	2	1	27	4	3	5	5	2	1	2	2	3.880000e+00	4.714400e+02	4566	0	2
52	4	66	2	2	2	21	49	2	3	3	2	1	2	2	4.310000e+00	4.757500e+02	5837	0	1
52	4	67	2	2	3	39	27	3	2	2	2	1	2	2	3.600000e+00	4.793500e+02	1793	0	1
52	4	68	2	2	4	47	36	5	4	4	2	1	2	2	3.430000e+00	4.827800e+02	4151	0	1
52	4	69	2	1	1	39	14	5	2	5	1	1	2	2	3.940000e+00	4.867200e+02	3206	0	2
52	4	70	2	1	2	9	36	3	2	3	1	1	2	2	3.970000e+00	4.906900e+02	2620	0	1
52	4	71	2	1	3	19	9	3	5	3	1	1	2	2	4.230000e+00	4.949200e+02	7168	0	1
52	4	72	2	2	1	17	50	2	4	2	1	1	1	1	1.930000e+00	4.968500e+02	4375	1	1
52	4	73	2	1	1	34	22	3	5	3	1	1	2	2	3.930000e+00	5.007800e+02	4061	0	1
52	4	74	2	1	2	36	49	3	4	3	1	1	2	2	3.800000e+00	5.045800e+02	8889	0	1
52	4	75	2	1	3	44	15	4	5	4	1	1	2	2	3.960000e+00	5.085400e+02	2603	0	1
52	4	76	2	1	4	47	8	3	5	5	2	1	1	1	2.180000e+00	5.107200e+02	2960	1	2
52	4	77	2	1	5	54	35	3	4	3	1	1	2	2	3.710000e+00	5.144300e+02	4015	0	2
52	4	78	2	1	6	54	34	4	2	4	1	1	2	2	3.370000e+00	5.178000e+02	1164	0	1
52	4	79	2	2	1	36	26	3	5	3	1	1	1	1	2.060000e+00	5.198600e+02	5043	1	1
52	4	80	2	2	2	38	45	4	3	3	2	1	2	2	3.570000e+00	5.234300e+02	5271	0	2
52	4	81	2	2	3	29	23	5	3	5	1	1	1	1	2	5.254300e+02	2450	1	2
52	4	82	2	2	4	9	40	2	5	2	1	1	1	1	1.930000e+00	5.273600e+02	1629	1	1
52	4	83	2	2	5	30	11	4	5	4	1	1	1	1	2.060000e+00	5.294200e+02	1321	1	1
52	4	84	2	2	6	28	12	4	2	4	1	1	1	1	2.070000e+00	5.314900e+02	1570	1	1
52	4	1	3	2	1	7	44	5	3	5	1	1	1	1	1.980000e+00	5.334700e+02	1425	1	NaN
52	4	2	3	2	2	13	52	4	5	4	1	1	1	1	1.760000e+00	5.352300e+02	1094	1	1
52	4	3	3	2	3	1	31	5	2	5	1	1	1	1	2.020000e+00	5.372500e+02	1504	1	1
52	4	4	3	2	4	2	38	3	4	4	2	1	2	2	4.750000e+00	542	3393	0	2
52	4	5	3	2	5	18	10	5	4	4	2	1	2	2	4.480000e+00	5.464800e+02	1063	0	1
52	4	6	3	1	1	43	25	2	3	3	2	1	1	1	1.810000e+00	5.482900e+02	3537	1	1
52	4	7	3	1	2	3	34	4	2	2	2	1	1	1	1.990000e+00	5.502800e+02	1522	1	1
52	4	8	3	1	3	1	31	3	4	3	1	1	2	2	3.680000e+00	5.539600e+02	1418	0	2
52	4	9	3	1	4	48	36	4	5	4	1	1	2	2	3.520000e+00	5.574800e+02	2527	0	1
52	4	10	3	1	5	33	52	5	4	5	1	1	2	2	3.420000e+00	5.609000e+02	6703	0	1
52	4	11	3	1	6	9	18	3	4	4	2	1	1	1	2.030000e+00	5.629300e+02	2681	1	2
52	4	12	3	2	1	36	7	5	3	5	1	1	1	1	1.950000e+00	5.648800e+02	2539	1	2
52	4	13	3	2	2	31	3	3	5	5	2	1	2	2	4.030000e+00	5.689100e+02	8115	0	2
52	4	14	3	2	3	18	30	4	2	2	2	1	2	2	3.830000e+00	5.727400e+02	2427	0	1
52	4	15	3	2	4	17	42	3	2	3	1	1	1	1	1.950000e+00	5.746900e+02	2504	1	2
52	4	16	3	2	5	36	18	5	2	5	1	1	1	1	2.040000e+00	5.767300e+02	1809	1	1
52	4	17	3	2	6	11	25	4	5	4	1	1	1	1	2.090000e+00	5.788200e+02	814	1	1
52	4	18	3	1	1	9	7	2	4	2	1	1	2	2	5	5.838200e+02	4867	0	1
52	4	19	3	1	2	24	36	2	5	2	1	1	2	2	3.360000e+00	5.871800e+02	2310	0	1
52	4	20	3	1	3	50	7	5	3	5	1	1	2	2	3.520000e+00	5.907000e+02	2543	0	1
52	4	21	3	2	1	31	52	2	4	2	1	1	1	1	2.120000e+00	5.928200e+02	2759	1	1
52	4	22	3	2	2	23	19	4	3	3	2	1	2	2	3.820000e+00	5.966400e+02	4214	0	2
52	4	23	3	2	3	39	15	2	3	3	2	1	2	2	3.350000e+00	5.999900e+02	1675	0	1
52	4	24	3	2	4	49	27	5	3	3	2	1	2	2	4.150000e+00	6.041400e+02	870	0	1
52	4	25	3	1	1	1	38	3	5	3	1	1	2	2	4.730000e+00	6.088700e+02	1240	0	2
52	4	26	3	2	1	27	49	4	3	4	1	1	1	1	2.080000e+00	6.109500e+02	1541	1	1
52	4	27	3	2	2	6	5	2	4	2	1	1	1	1	2.230000e+00	6.131800e+02	1340	1	1
52	4	28	3	2	3	32	2	4	3	3	2	1	2	2	4.240000e+00	6.174200e+02	1261	0	2
52	4	29	3	1	1	20	1	4	2	2	2	1	1	1	2.220000e+00	6.196400e+02	880	1	1
52	4	30	3	1	2	10	42	4	5	5	2	1	1	1	1.960000e+00	6.216000e+02	2322	1	1
52	4	31	3	2	1	30	7	2	5	2	1	1	1	1	1.870000e+00	6.234700e+02	1458	1	2
52	4	32	3	2	2	22	11	2	5	5	2	1	2	2	3.900000e+00	6.273700e+02	2830	0	2
52	4	33	3	1	1	46	21	4	3	3	2	1	1	1	2.140000e+00	6.295100e+02	2490	1	1
52	4	34	3	1	2	46	38	2	4	2	1	1	2	2	3.470000e+00	6.329800e+02	4204	0	2
52	4	35	3	1	3	34	14	5	4	5	1	1	2	2	4.300000e+00	6.372800e+02	3033	0	1
52	4	36	3	1	4	11	53	3	2	3	1	1	2	2	3.720000e+00	6.410000e+02	1813	0	1
52	4	37	3	2	1	19	34	5	3	5	1	1	1	1	2.060000e+00	6.430600e+02	3202	1	1
52	4	38	3	1	1	38	26	3	5	3	1	1	2	2	3.480000e+00	6.465400e+02	1855	0	1
52	4	39	3	1	2	18	48	4	3	4	1	1	2	2	4.040000e+00	6.505800e+02	1586	0	1
52	4	40	3	1	3	34	53	5	4	5	1	1	2	2	3.060000e+00	6.536400e+02	4249	0	1
52	4	41	3	1	4	52	12	4	5	4	1	1	2	2	3.770000e+00	6.574100e+02	4036	0	1
52	4	42	3	1	5	51	54	2	5	5	2	1	1	1	2.050000e+00	6.594600e+02	2231	1	2
52	4	43	3	2	1	42	45	2	3	3	2	1	2	2	3.850000e+00	6.633100e+02	4420	0	1
52	4	44	3	2	2	42	44	5	2	2	2	1	2	2	4.580000e+00	6.678900e+02	3208	0	1
52	4	45	3	2	3	39	11	2	3	3	2	1	2	2	3.700000e+00	6.715900e+02	1278	0	1
52	4	46	3	2	4	14	15	3	5	5	2	1	2	2	2.900000e+00	6.744900e+02	4272	0	1
52	4	47	3	2	5	35	20	5	2	2	2	1	2	2	3.420000e+00	6.779100e+02	2843	0	1
52	4	48	3	2	6	10	30	5	2	5	1	1	1	1	2.120000e+00	6.800300e+02	1791	1	2
52	4	49	3	1	1	14	3	3	5	3	1	1	2	2	3.950000e+00	6.839800e+02	3317	0	1
52	4	50	3	1	2	3	19	2	5	2	1	1	2	2	4.180000e+00	6.881600e+02	942	0	1
52	4	51	3	1	3	9	3	3	5	3	1	1	2	2	4.440000e+00	6.926000e+02	1502	0	1
52	4	52	3	1	4	2	34	5	2	5	1	1	2	2	3	6.956000e+02	3975	0	1
52	4	53	3	1	5	11	29	3	2	3	1	1	2	2	3.700000e+00	6.993000e+02	2237	0	1
52	4	54	3	2	1	54	52	4	2	2	2	1	2	2	3.670000e+00	7.029700e+02	3106	0	2
52	4	55	3	2	2	43	9	5	3	5	1	1	1	1	1.880000e+00	7.048500e+02	3403	1	2
52	4	56	3	2	3	37	14	4	2	4	1	1	1	1	1.980000e+00	7.068300e+02	2304	1	1
52	4	57	3	2	4	46	28	5	4	5	1	1	1	1	2.180000e+00	7.090100e+02	2842	1	1
52	4	58	3	2	5	10	46	4	3	4	1	1	1	1	2	7.110100e+02	3126	1	1
52	4	59	3	1	1	28	15	2	4	2	1	1	2	2	4.580000e+00	7.155900e+02	3878	0	1
52	4	60	3	1	2	4	1	2	4	2	1	1	2	2	3.670000e+00	7.192600e+02	4017	0	1
52	4	61	3	1	3	35	51	5	4	4	2	1	1	1	2	7.212600e+02	1893	1	2
52	4	62	3	2	1	47	52	3	2	2	2	1	2	2	3.630000e+00	7.248900e+02	4888	0	1
52	4	63	3	2	2	18	1	3	4	4	2	1	2	2	4.280000e+00	7.291700e+02	1066	0	1
52	4	64	3	1	1	15	28	5	4	4	2	1	1	1	1.970000e+00	7.311400e+02	1132	1	1
52	4	65	3	1	2	38	47	4	5	5	2	1	1	1	2.060000e+00	7.332000e+02	2060	1	1
52	4	66	3	1	3	21	35	3	2	3	1	1	2	2	4.310000e+00	7.375100e+02	3440	0	2
52	4	67	3	1	4	25	8	3	4	3	1	1	2	2	3.960000e+00	7.414700e+02	2947	0	1
52	4	68	3	2	1	23	9	4	5	4	1	1	1	1	2.100000e+00	7.435700e+02	2259	1	1
52	4	69	3	2	2	3	41	2	3	2	1	1	1	1	2.270000e+00	7.458400e+02	982	1	1
52	4	70	3	2	3	4	37	4	2	4	1	1	1	1	2.060000e+00	7.479000e+02	5228	1	1
52	4	71	3	2	4	37	4	2	3	2	1	1	1	1	2	7.499000e+02	1489	1	1
52	4	72	3	1	1	8	54	2	5	2	1	1	2	2	4.430000e+00	7.543300e+02	2763	0	1
52	4	73	3	1	2	50	52	4	2	4	1	1	2	2	4.030000e+00	7.583600e+02	2490	0	1
52	4	74	3	2	1	30	3	3	2	3	1	1	1	1	1.870000e+00	7.602300e+02	3028	1	1
52	4	75	3	2	2	15	17	3	4	3	1	1	1	1	2.060000e+00	7.622900e+02	1440	1	1
52	4	76	3	2	3	22	34	2	5	2	1	1	1	1	2	7.642900e+02	1860	1	1
52	4	77	3	1	1	48	46	3	4	3	1	1	2	2	3.870000e+00	7.681600e+02	3888	0	1
52	4	78	3	2	1	18	20	5	2	5	1	1	1	1	2.150000e+00	7.703100e+02	1106	1	1
52	4	79	3	1	1	27	45	2	3	2	1	1	2	2	4.880000e+00	7.751900e+02	2227	0	1
52	4	80	3	1	2	36	38	3	5	3	1	1	2	2	3.750000e+00	7.789400e+02	1512	0	1
52	4	81	3	1	3	26	8	3	2	3	1	1	2	2	4.050000e+00	7.829900e+02	2481	0	1
52	4	82	3	1	4	26	15	5	3	5	1	1	2	2	3.620000e+00	7.866100e+02	2619	0	1
52	4	83	3	1	5	6	37	2	4	2	1	1	2	2	4.320000e+00	7.909300e+02	2568	0	1
52	4	84	3	1	6	3	28	4	3	3	2	1	1	1	1.720000e+00	7.926500e+02	1478	1	2
52	4	1	4	1	1	12	47	2	5	2	1	1	2	2	4.470000e+00	7.971200e+02	1533	0	NaN
52	4	2	4	2	1	20	14	3	5	3	1	1	1	1	2.030000e+00	7.991500e+02	1045	1	1
52	4	3	4	1	1	7	11	5	3	5	1	1	2	2	4.120000e+00	8.032700e+02	1841	0	1
52	4	4	4	1	2	26	18	4	5	4	1	1	2	2	4.570000e+00	8.078400e+02	1741	0	1
52	4	5	4	1	3	39	32	5	3	5	1	1	2	2	3.870000e+00	8.117100e+02	10789	0	1
52	4	6	4	1	4	27	45	2	4	4	2	1	1	1	1.980000e+00	8.136900e+02	2203	1	2
52	4	7	4	1	5	35	51	3	2	2	2	1	1	1	1.850000e+00	8.155400e+02	1104	1	1
52	4	8	4	1	6	7	9	3	5	5	2	1	1	1	1.800000e+00	8.173400e+02	3714	1	1
52	4	9	4	2	1	52	33	4	3	3	2	1	2	2	3.670000e+00	8.210100e+02	4890	0	1
52	4	10	4	2	2	48	16	4	2	2	2	1	2	2	4.130000e+00	8.251400e+02	3172	0	1
52	4	11	4	1	1	42	44	5	2	2	2	1	1	1	1.940000e+00	8.270800e+02	2619	1	1
52	4	12	4	1	2	24	42	4	3	3	2	1	1	1	1.840000e+00	8.289200e+02	1567	1	1
52	4	13	4	2	1	17	23	2	4	4	2	1	2	2	4.510000e+00	8.334300e+02	1926	0	1
52	4	14	4	2	2	44	33	4	5	5	2	1	2	2	3.660000e+00	8.370900e+02	3951	0	1
52	4	15	4	2	3	21	42	3	2	3	1	1	1	1	2	8.390900e+02	3822	1	2
52	4	16	4	2	4	54	27	2	4	2	1	1	1	1	2	8.410900e+02	3994	1	1
52	4	17	4	2	5	15	33	3	5	3	1	1	1	1	1.970000e+00	8.430600e+02	2353	1	1
52	4	18	4	1	1	53	52	5	4	5	1	1	2	2	4.190000e+00	8.472500e+02	3240	0	1
52	4	19	4	1	2	30	17	3	5	4	0	0	0	0	0	8.472500e+02	5036	NaN	NaN
52	4	20	4	1	3	30	1	4	5	4	1	1	2	2	3.880000e+00	8.511300e+02	1028	0	NaN
52	4	21	4	1	4	40	42	2	3	2	1	1	2	2	3.220000e+00	8.543500e+02	3057	0	1
52	4	22	4	2	1	15	18	4	2	4	1	1	1	1	1.880000e+00	8.562300e+02	3980	1	1
52	4	23	4	2	2	48	46	2	3	2	1	1	1	1	2.030000e+00	8.582600e+02	1674	1	1
52	4	24	4	2	3	39	26	5	2	5	1	1	1	1	1.850000e+00	8.601100e+02	2317	1	1
52	4	25	4	2	4	52	27	5	4	5	1	1	1	1	1.960000e+00	8.620700e+02	1373	1	1
52	4	26	4	2	5	50	54	2	3	2	1	1	1	1	1.890000e+00	8.639600e+02	876	1	1
52	4	27	4	2	6	25	35	2	4	2	1	1	1	1	1.860000e+00	8.658200e+02	2743	1	1
52	4	28	4	1	1	34	6	5	3	3	2	1	1	1	1.880000e+00	8.677000e+02	3551	1	2
52	4	29	4	1	2	49	12	4	2	2	2	1	1	1	1.950000e+00	8.696500e+02	1222	1	1
52	4	30	4	1	3	50	49	4	3	3	2	1	1	1	2.020000e+00	8.716700e+02	1131	1	1
52	4	31	4	2	1	47	10	4	2	2	2	1	2	2	3.950000e+00	8.756200e+02	1754	0	1
52	4	32	4	2	2	53	24	2	3	3	2	1	2	2	4.500000e+00	8.801200e+02	2738	0	1
52	4	33	4	2	3	48	42	4	5	5	2	1	2	2	3.880000e+00	8.840000e+02	2410	0	1
52	4	34	4	2	4	32	11	2	4	4	2	1	2	2	3.280000e+00	8.872800e+02	960	0	1
52	4	35	4	1	1	26	1	4	3	3	2	1	1	1	2	8.892800e+02	1239	1	1
52	4	36	4	1	2	17	16	5	2	5	1	1	2	2	4.030000e+00	8.933100e+02	3171	0	2
52	4	37	4	1	3	10	18	3	4	3	1	1	2	2	4.150000e+00	8.974600e+02	1554	0	1
52	4	38	4	1	4	11	30	5	3	5	1	1	2	2	4.240000e+00	9.017000e+02	2049	0	1
52	4	39	4	1	5	30	20	4	3	4	1	1	2	2	4.600000e+00	9.063000e+02	3228	0	1
52	4	40	4	2	1	10	15	2	5	2	1	1	1	1	1.940000e+00	9.082400e+02	1041	1	1
52	4	41	4	2	2	24	53	2	5	2	1	1	1	1	2.030000e+00	9.102700e+02	1197	1	1
52	4	42	4	2	3	39	2	4	5	4	1	1	1	1	2	9.122700e+02	1321	1	1
52	4	43	4	1	1	16	8	5	4	5	1	1	2	2	3.730000e+00	9.160000e+02	8698	0	1
52	4	44	4	1	2	49	11	3	4	4	2	1	1	1	2.250000e+00	9.182500e+02	1780	1	2
52	4	45	4	1	3	24	34	3	5	3	1	1	2	2	3.880000e+00	9.221300e+02	2450	0	2
52	4	46	4	2	1	36	31	2	5	5	2	1	2	2	3.340000e+00	9.254700e+02	1533	0	2
52	4	47	4	1	1	41	25	4	2	4	1	1	2	2	4.830000e+00	9.303000e+02	3133	0	2
52	4	48	4	2	1	15	29	4	5	4	1	1	1	1	2.040000e+00	9.323400e+02	733	1	1
52	4	49	4	2	2	15	41	2	3	3	2	1	2	2	3.470000e+00	9.358100e+02	2653	0	2
52	4	50	4	2	3	54	50	5	2	2	2	1	2	2	4.290000e+00	9.401000e+02	3345	0	1
52	4	51	4	1	1	36	21	3	4	4	2	1	1	1	2.150000e+00	9.422500e+02	3160	1	1
52	4	52	4	1	2	31	49	2	3	3	2	1	1	1	1.890000e+00	9.441400e+02	1847	1	1
52	4	53	4	1	3	29	34	3	4	4	2	1	1	1	2.020000e+00	9.461600e+02	1403	1	1
52	4	54	4	1	4	48	41	2	4	4	2	1	1	1	1.980000e+00	9.481400e+02	2080	1	1
52	4	55	4	2	1	47	22	4	2	2	2	1	2	2	3.450000e+00	9.515900e+02	1603	0	1
52	4	56	4	2	2	41	5	3	2	2	2	1	2	2	4.560000e+00	9.561500e+02	879	0	1
52	4	57	4	1	1	31	35	5	3	3	2	1	1	1	2	9.581500e+02	1690	1	1
52	4	58	4	1	2	33	10	3	5	5	2	1	1	1	2.060000e+00	9.602100e+02	3316	1	1
52	4	59	4	1	3	51	46	3	2	2	2	1	1	1	1.920000e+00	9.621300e+02	1852	1	1
52	4	60	4	1	4	41	52	2	5	5	2	1	1	1	1.920000e+00	9.640500e+02	2888	1	1
52	4	61	4	1	5	16	21	4	5	5	2	1	1	1	2.040000e+00	9.660900e+02	4650	1	1
52	4	62	4	2	1	12	29	4	3	3	2	1	2	2	4.050000e+00	9.701400e+02	1645	0	1
52	4	63	4	2	2	7	10	3	4	4	2	1	2	2	4.870000e+00	9.750100e+02	849	0	1
52	4	64	4	2	3	13	21	2	3	3	2	1	2	2	3.870000e+00	9.788800e+02	3372	0	1
52	4	65	4	2	4	1	5	3	2	2	2	1	2	2	5.040000e+00	9.839200e+02	1091	0	1
52	4	66	4	1	1	45	32	5	4	4	2	1	1	1	2.180000e+00	9.861000e+02	3189	1	1
52	4	67	4	1	2	27	42	3	4	4	2	1	1	1	1.770000e+00	9.878700e+02	2731	1	1
52	4	68	4	2	1	52	27	2	5	5	2	1	2	2	3.210000e+00	9.910800e+02	3003	0	1
52	4	69	4	2	2	54	11	5	3	3	2	1	2	2	3.730000e+00	9.948100e+02	1480	0	1
52	4	70	4	2	3	1	42	3	5	5	2	1	2	2	3.910000e+00	9.987200e+02	2738	0	1
52	4	71	4	2	4	3	22	2	5	5	2	1	2	2	4	1.002720e+03	2490	0	1
52	4	72	4	2	5	54	47	3	2	2	2	1	2	2	4.390000e+00	1.007110e+03	5020	0	1
52	4	73	4	1	1	4	42	4	3	3	2	1	1	1	1.910000e+00	1.009020e+03	2241	1	1
52	4	74	4	1	2	48	46	3	2	3	1	1	2	2	3.660000e+00	1.012680e+03	1917	0	2
52	4	75	4	1	3	1	34	5	2	2	2	1	1	1	1.980000e+00	1.014660e+03	1925	1	2
52	4	76	4	1	4	11	21	5	2	2	2	1	1	1	2	1.016660e+03	1782	1	1
52	4	77	4	1	5	49	9	5	3	5	1	1	2	2	4.130000e+00	1.020790e+03	2068	0	2
52	4	78	4	1	6	40	29	5	4	5	1	1	2	2	4.500000e+00	1.025290e+03	2239	0	1
52	4	79	4	2	1	50	30	4	2	2	2	1	2	2	4.290000e+00	1.029580e+03	10219	0	2
52	4	80	4	2	2	6	16	5	4	4	2	1	2	2	3.170000e+00	1.032750e+03	2376	0	1
52	4	81	4	2	3	38	19	5	4	4	2	1	2	2	4.330000e+00	1.037080e+03	2830	0	1
52	4	82	4	2	4	47	25	5	2	2	2	1	2	2	4.380000e+00	1.041460e+03	970	0	1
52	4	83	4	2	5	6	11	2	4	4	2	1	2	2	4.300000e+00	1.045760e+03	1177	0	1
52	4	84	4	2	6	25	38	3	4	4	2	1	2	2	4.620000e+00	1.050380e+03	5536	0	1
