LEDISAS2	Code = 103	
SubNo	Group(1=OHRHV,SLRLV; 2=OHRLV,SLRHV; 3=OLRHV,SHRLV, 4 = OLRLV,SHRHV)	Block_trial	Block	VarDist_cond	Run_number	Targ1_position	Targ2_position	Red_targ_digit	Blue_targ_digit	Response	Targ_Choice	Acc	RewardOutcome(0=inaccurate;1=lowReward;2=highReward)	VarianceOutcome(0=inaccurate; 1=lowVariance; 2=highVariance)	OutcomeValue	Points	RT	Optimal_Choice	Repeat_Switch
103	3	1	0	2	1	39	1	4	3	3	2	1	NaN	NaN	0	0	6393	0	NaN
103	3	2	0	2	2	54	33	5	3	3	2	1	NaN	NaN	0	0	3333	0	1
103	3	3	0	2	3	6	28	2	3	3	2	1	NaN	NaN	0	0	4830	0	1
103	3	4	0	2	4	6	43	3	5	4	0	0	NaN	NaN	0	0	7433	NaN	NaN
103	3	5	0	2	5	38	6	5	2	2	2	1	NaN	NaN	0	0	2957	0	NaN
103	3	6	0	2	6	47	23	2	5	2	1	1	NaN	NaN	0	0	1746	1	2
103	3	7	0	1	1	3	47	3	5	5	2	1	NaN	NaN	0	0	4130	1	2
103	3	8	0	1	2	35	34	5	4	4	2	1	NaN	NaN	0	0	2195	1	1
103	3	9	0	1	3	36	26	3	5	5	2	1	NaN	NaN	0	0	1857	1	1
103	3	10	0	1	4	46	3	5	3	3	2	1	NaN	NaN	0	0	2436	1	1
103	3	1	1	2	1	38	15	3	5	5	2	1	2	1	3.950000e+00	3.950000e+00	3934	0	NaN
103	3	2	1	2	2	28	7	5	3	3	2	1	2	1	3.800000e+00	7.750000e+00	2736	0	1
103	3	3	1	2	3	50	34	2	4	4	2	1	2	1	4.010000e+00	1.176000e+01	1352	0	1
103	3	4	1	2	4	27	34	4	3	3	2	1	2	1	4.030000e+00	1.579000e+01	1159	0	1
103	3	5	1	2	5	14	13	3	4	4	2	1	2	1	3.860000e+00	1.965000e+01	3454	0	1
103	3	6	1	2	6	38	32	5	2	3	0	0	0	0	0	1.965000e+01	1458	NaN	NaN
103	3	7	1	1	1	7	34	2	3	3	2	1	1	2	2.560000e+00	2.221000e+01	1698	1	NaN
103	3	8	1	1	2	4	21	4	5	5	2	1	1	2	2.560000e+00	2.477000e+01	3003	1	1
103	3	9	1	1	3	6	35	2	3	3	2	1	1	2	1.980000e+00	2.675000e+01	1657	1	1
103	3	10	1	1	4	31	43	2	4	4	2	1	1	2	2.150000e+00	2.890000e+01	3452	1	1
103	3	11	1	2	1	20	24	3	4	4	2	1	2	1	4.020000e+00	3.292000e+01	4455	0	1
103	3	12	1	2	2	48	30	5	4	4	2	1	2	1	3.980000e+00	3.690000e+01	1162	0	1
103	3	13	1	1	1	31	34	5	3	4	0	0	0	0	0	3.690000e+01	1866	NaN	NaN
103	3	14	1	1	2	4	35	3	4	4	2	1	1	2	2.340000e+00	3.924000e+01	1232	1	NaN
103	3	15	1	1	3	51	4	5	2	2	2	1	1	2	1.720000e+00	4.096000e+01	1460	1	1
103	3	16	1	2	1	13	46	3	2	2	2	1	2	1	4.260000e+00	4.522000e+01	4775	0	1
103	3	17	1	2	2	27	10	4	2	2	2	1	2	1	3.980000e+00	4.920000e+01	9102	0	1
103	3	18	1	2	3	4	10	2	3	3	2	1	2	1	4.010000e+00	5.321000e+01	1639	0	1
103	3	19	1	2	4	52	8	2	5	5	2	1	2	1	4.130000e+00	5.734000e+01	2379	0	1
103	3	20	1	2	5	1	8	5	3	3	2	1	2	1	4.010000e+00	6.135000e+01	3130	0	1
103	3	21	1	1	1	42	9	2	4	4	2	1	1	2	1.950000e+00	6.330000e+01	1402	1	1
103	3	22	1	1	2	24	25	3	5	5	2	1	1	2	1.610000e+00	6.491000e+01	1879	1	1
103	3	23	1	1	3	40	21	4	3	3	2	1	1	2	2.140000e+00	6.705000e+01	2266	1	1
103	3	24	1	1	4	18	48	5	3	3	2	1	1	2	1.370000e+00	6.842000e+01	2317	1	1
103	3	25	1	1	5	2	35	3	2	2	2	1	1	2	2.340000e+00	7.076000e+01	4453	1	1
103	3	26	1	1	6	31	1	3	4	4	2	1	1	2	2.770000e+00	7.353000e+01	1544	1	1
103	3	27	1	2	1	33	30	4	3	3	2	1	2	1	3.920000e+00	7.745000e+01	4592	0	1
103	3	28	1	2	2	33	21	2	4	4	2	1	2	1	4.100000e+00	8.155000e+01	2990	0	1
103	3	29	1	2	3	8	33	4	3	3	2	1	2	1	4.150000e+00	8.570000e+01	1708	0	1
103	3	30	1	2	4	32	28	2	5	5	2	1	2	1	3.810000e+00	8.951000e+01	2285	0	1
103	3	31	1	1	1	20	8	4	5	5	2	1	1	2	1.320000e+00	9.083000e+01	2711	1	1
103	3	32	1	1	2	2	35	2	3	3	2	1	1	2	2.270000e+00	9.310000e+01	3297	1	1
103	3	33	1	2	1	7	46	5	4	4	2	1	2	1	3.950000e+00	9.705000e+01	7874	0	1
103	3	34	1	1	1	26	40	2	5	5	2	1	1	2	2.330000e+00	9.938000e+01	2933	1	1
103	3	35	1	2	1	26	42	3	2	2	2	1	2	1	4.100000e+00	1.034800e+02	16077	0	1
103	3	36	1	2	2	35	39	3	2	2	2	1	2	1	4.080000e+00	1.075600e+02	2287	0	1
103	3	37	1	2	3	25	43	2	5	5	2	1	2	1	4.150000e+00	1.117100e+02	6617	0	1
103	3	38	1	1	1	2	10	3	4	4	2	1	1	2	2.320000e+00	1.140300e+02	2301	1	1
103	3	39	1	1	2	37	38	2	4	4	2	1	1	2	2.560000e+00	1.165900e+02	1782	1	1
103	3	40	1	1	3	40	22	5	2	2	2	1	1	2	1.430000e+00	1.180200e+02	1260	1	1
103	3	41	1	1	4	3	33	4	3	3	2	1	1	2	1.990000e+00	1.200100e+02	1287	1	1
103	3	42	1	1	5	51	53	4	2	2	2	1	1	2	1.930000e+00	1.219400e+02	2401	1	1
103	3	43	1	2	1	10	42	4	5	5	2	1	2	1	3.810000e+00	1.257500e+02	3655	0	1
103	3	44	1	2	2	29	5	3	2	2	2	1	2	1	4.030000e+00	1.297800e+02	2706	0	1
103	3	45	1	2	3	45	33	3	5	5	2	1	2	1	3.880000e+00	1.336600e+02	3011	0	1
103	3	46	1	1	1	48	14	4	3	3	2	1	1	2	2.670000e+00	1.363300e+02	1816	1	1
103	3	47	1	1	2	36	49	2	5	5	2	1	1	2	1.620000e+00	1.379500e+02	2325	1	1
103	3	48	1	1	3	38	22	3	5	5	2	1	1	2	2.250000e+00	1.402000e+02	3061	1	1
103	3	49	1	1	4	17	2	4	2	2	2	1	1	2	2.100000e+00	1.423000e+02	1120	1	1
103	3	50	1	2	1	34	28	4	5	5	2	1	2	1	3.890000e+00	1.461900e+02	4042	0	1
103	3	51	1	2	2	25	48	3	5	5	2	1	2	1	3.740000e+00	1.499300e+02	2565	0	1
103	3	52	1	2	3	14	29	3	2	2	2	1	2	1	3.990000e+00	1.539200e+02	3140	0	1
103	3	53	1	2	4	21	27	5	3	3	2	1	2	1	3.880000e+00	1.578000e+02	5300	0	1
103	3	54	1	2	5	22	32	4	5	5	2	1	2	1	4.070000e+00	1.618700e+02	4957	0	1
103	3	55	1	2	6	2	53	5	4	4	2	1	2	1	4.060000e+00	1.659300e+02	1780	0	1
103	3	56	1	1	1	22	14	3	4	4	2	1	1	2	2.800000e+00	1.687300e+02	1290	1	1
103	3	57	1	1	2	10	4	5	3	4	0	0	0	0	0	1.687300e+02	1524	NaN	NaN
103	3	58	1	1	3	28	18	5	4	4	2	1	1	2	2.280000e+00	1.710100e+02	994	1	NaN
103	3	59	1	1	4	19	23	2	3	3	2	1	1	2	1.700000e+00	1.727100e+02	2720	1	1
103	3	60	1	1	5	12	52	4	5	5	2	1	1	2	2.180000e+00	1.748900e+02	1192	1	1
103	3	61	1	1	6	23	47	2	3	3	2	1	1	2	1.520000e+00	1.764100e+02	3023	1	1
103	3	62	1	2	1	47	43	2	5	5	2	1	2	1	4	1.804100e+02	10675	0	1
103	3	63	1	2	2	3	5	3	2	2	2	1	2	1	3.990000e+00	1.844000e+02	1750	0	1
103	3	64	1	2	3	31	43	2	5	5	2	1	2	1	4	1.884000e+02	10477	0	1
103	3	65	1	2	4	18	14	2	4	4	2	1	2	1	3.960000e+00	1.923600e+02	1888	0	1
103	3	66	1	1	1	12	29	4	3	3	2	1	1	2	2.520000e+00	1.948800e+02	3225	1	1
103	3	67	1	1	2	52	4	4	2	2	2	1	1	2	1.120000e+00	1.960000e+02	2310	1	1
103	3	68	1	2	1	20	33	3	4	4	2	1	2	1	4.050000e+00	2.000500e+02	1864	0	1
103	3	69	1	1	1	6	13	2	3	3	2	1	1	2	2.420000e+00	2.024700e+02	3675	1	1
103	3	70	1	1	2	53	9	5	4	4	2	1	1	2	2.340000e+00	2.048100e+02	1909	1	1
103	3	71	1	1	3	34	8	5	2	3	0	0	0	0	0	2.048100e+02	2895	NaN	NaN
103	3	72	1	2	1	39	7	5	2	2	2	1	2	1	4.070000e+00	2.088800e+02	1149	0	NaN
103	3	73	1	2	2	1	27	5	2	2	2	1	2	1	4	2.128800e+02	1396	0	1
103	3	74	1	1	1	8	25	5	3	3	2	1	1	2	2.320000e+00	2.152000e+02	2345	1	1
103	3	75	1	2	1	31	4	5	4	4	2	1	2	1	4.070000e+00	2.192700e+02	4249	0	1
103	3	76	1	2	2	21	39	4	2	2	2	1	2	1	3.970000e+00	2.232400e+02	2125	0	1
103	3	77	1	2	3	8	16	3	5	5	2	1	2	1	3.960000e+00	2.272000e+02	4237	0	1
103	3	78	1	2	4	26	2	5	4	4	2	1	2	1	3.970000e+00	2.311700e+02	937	0	1
103	3	79	1	2	5	5	24	4	2	2	2	1	2	1	3.830000e+00	2.350000e+02	3881	0	1
103	3	80	1	1	1	6	37	4	2	2	2	1	1	2	1.890000e+00	2.368900e+02	2547	1	1
103	3	81	1	1	2	36	46	5	2	2	2	1	1	2	2.060000e+00	2.389500e+02	1858	1	1
103	3	82	1	1	3	31	53	4	5	5	2	1	1	2	2.150000e+00	2.411000e+02	2261	1	1
103	3	83	1	1	4	3	24	2	4	4	2	1	1	2	2.680000e+00	2.437800e+02	2536	1	1
103	3	84	1	1	5	20	21	3	5	5	2	1	1	2	1.830000e+00	2.456100e+02	1903	1	1
103	3	1	2	1	1	44	29	3	2	2	2	1	1	2	2.290000e+00	2.479000e+02	1356	1	NaN
103	3	2	2	1	2	18	33	3	4	4	2	1	1	2	2.380000e+00	2.502800e+02	2483	1	1
103	3	3	2	1	3	44	40	4	3	3	2	1	1	2	2.440000e+00	2.527200e+02	3238	1	1
103	3	4	2	1	4	17	44	2	5	5	2	1	1	2	1.530000e+00	2.542500e+02	2169	1	1
103	3	5	2	1	5	48	54	5	4	4	2	1	1	2	2.100000e+00	2.563500e+02	2608	1	1
103	3	6	2	2	1	30	15	4	5	5	2	1	2	1	4.030000e+00	2.603800e+02	1374	0	1
103	3	7	2	2	2	36	15	4	5	5	2	1	2	1	3.880000e+00	2.642600e+02	886	0	1
103	3	8	2	2	3	48	53	5	3	3	2	1	2	1	3.910000e+00	2.681700e+02	2390	0	1
103	3	9	2	1	1	48	37	4	3	3	2	1	1	2	2.510000e+00	2.706800e+02	1772	1	1
103	3	10	2	1	2	15	19	2	3	3	2	1	1	2	1.940000e+00	2.726200e+02	1083	1	1
103	3	11	2	1	3	22	44	5	4	4	2	1	1	2	2.180000e+00	2.748000e+02	3333	1	1
103	3	12	2	1	4	9	30	2	4	4	2	1	1	2	2.040000e+00	2.768400e+02	1285	1	1
103	3	13	2	2	1	12	54	4	3	3	2	1	2	1	3.930000e+00	2.807700e+02	1503	0	1
103	3	14	2	1	1	39	52	2	5	5	2	1	1	2	1.740000e+00	2.825100e+02	1816	1	1
103	3	15	2	2	1	2	13	4	2	2	2	1	2	1	4.050000e+00	2.865600e+02	1813	0	1
103	3	16	2	2	2	41	20	2	4	4	2	1	2	1	3.890000e+00	2.904500e+02	4130	0	1
103	3	17	2	2	3	45	53	3	2	2	2	1	2	1	4.090000e+00	2.945400e+02	5305	0	1
103	3	18	2	2	4	1	36	3	5	5	2	1	2	1	4.070000e+00	2.986100e+02	2451	0	1
103	3	19	2	1	1	4	16	4	5	5	2	1	1	2	1.610000e+00	3.002200e+02	1062	1	1
103	3	20	2	1	2	21	24	5	4	4	2	1	1	2	1.870000e+00	3.020900e+02	2457	1	1
103	3	21	2	1	3	40	43	3	4	4	2	1	1	2	1.440000e+00	3.035300e+02	2269	1	1
103	3	22	2	1	4	1	35	3	2	2	2	1	1	2	9.600000e-01	3.044900e+02	1287	1	1
103	3	23	2	1	5	38	6	3	5	5	2	1	1	2	2.460000e+00	3.069500e+02	2857	1	1
103	3	24	2	1	6	8	29	3	5	5	2	1	1	2	1.760000e+00	3.087100e+02	1444	1	1
103	3	25	2	2	1	13	27	5	2	2	2	1	2	1	4.040000e+00	3.127500e+02	2849	0	1
103	3	26	2	2	2	29	11	3	2	2	2	1	2	1	4.030000e+00	3.167800e+02	1124	0	1
103	3	27	2	1	1	27	5	4	2	2	2	1	1	2	2.010000e+00	3.187900e+02	1973	1	1
103	3	28	2	1	2	30	23	5	4	4	2	1	1	2	1.530000e+00	3.203200e+02	2275	1	1
103	3	29	2	1	3	35	40	3	4	4	2	1	1	2	1.550000e+00	3.218700e+02	3734	1	1
103	3	30	2	2	1	27	44	4	2	2	2	1	2	1	3.960000e+00	3.258300e+02	3438	0	1
103	3	31	2	2	2	14	30	5	4	4	2	1	2	1	3.860000e+00	3.296900e+02	3058	0	1
103	3	32	2	2	3	22	2	5	3	3	2	1	2	1	3.880000e+00	3.335700e+02	1406	0	1
103	3	33	2	2	4	47	9	3	4	4	2	1	2	1	4.170000e+00	3.377400e+02	1282	0	1
103	3	34	2	2	5	30	40	4	2	2	2	1	2	1	4.010000e+00	3.417500e+02	2524	0	1
103	3	35	2	2	6	33	9	4	3	3	2	1	2	1	3.860000e+00	3.456100e+02	2389	0	1
103	3	36	2	1	1	22	7	5	2	2	2	1	1	2	1.980000e+00	3.475900e+02	1587	1	1
103	3	37	2	1	2	2	32	3	5	5	2	1	1	2	1.470000e+00	3.490600e+02	1209	1	1
103	3	38	2	2	1	28	35	2	3	3	2	1	2	1	3.840000e+00	3.529000e+02	1446	0	1
103	3	39	2	2	2	30	19	5	4	4	2	1	2	1	3.970000e+00	3.568700e+02	2898	0	1
103	3	40	2	2	3	18	31	5	3	3	2	1	2	1	4.110000e+00	3.609800e+02	2795	0	1
103	3	41	2	2	4	4	48	4	2	2	2	1	2	1	4.020000e+00	365	2961	0	1
103	3	42	2	2	5	22	13	5	3	3	2	1	2	1	4.080000e+00	3.690800e+02	2360	0	1
103	3	43	2	1	1	23	54	4	3	3	2	1	1	2	1.450000e+00	3.705300e+02	1271	1	1
103	3	44	2	2	1	17	2	2	5	5	2	1	2	1	3.950000e+00	3.744800e+02	2354	0	1
103	3	45	2	1	1	54	12	4	3	3	2	1	1	2	1.880000e+00	3.763600e+02	1025	1	1
103	3	46	2	1	2	23	16	2	4	4	2	1	1	2	1.430000e+00	3.777900e+02	2198	1	1
103	3	47	2	1	3	6	8	3	4	4	2	1	1	2	1.380000e+00	3.791700e+02	1123	1	1
103	3	48	2	1	4	42	15	3	5	5	2	1	1	2	2.440000e+00	3.816100e+02	2844	1	1
103	3	49	2	1	5	51	44	4	2	2	2	1	1	2	2.010000e+00	3.836200e+02	2448	1	1
103	3	50	2	1	6	34	36	2	5	5	2	1	1	2	1.700000e+00	3.853200e+02	2419	1	1
103	3	51	2	2	1	26	11	2	3	3	2	1	2	1	4.090000e+00	3.894100e+02	4743	0	1
103	3	52	2	2	2	8	41	3	5	5	2	1	2	1	4.030000e+00	3.934400e+02	7664	0	1
103	3	53	2	2	3	9	44	3	2	2	2	1	2	1	3.880000e+00	3.973200e+02	6499	0	1
103	3	54	2	1	1	41	31	3	4	4	2	1	1	2	2.630000e+00	3.999500e+02	2084	1	1
103	3	55	2	1	2	54	4	2	3	3	2	1	1	2	2.140000e+00	4.020900e+02	1326	1	1
103	3	56	2	2	1	26	14	2	4	4	2	1	2	1	4.170000e+00	4.062600e+02	2062	0	1
103	3	57	2	2	2	9	50	2	4	4	2	1	2	1	4.130000e+00	4.103900e+02	2033	0	1
103	3	58	2	1	1	29	44	2	3	3	2	1	1	2	1.680000e+00	4.120700e+02	2630	1	1
103	3	59	2	1	2	1	9	4	5	5	2	1	1	2	1.390000e+00	4.134600e+02	1169	1	1
103	3	60	2	1	3	4	22	4	2	2	2	1	1	2	1.970000e+00	4.154300e+02	2656	1	1
103	3	61	2	2	1	20	45	3	2	2	2	1	2	1	3.960000e+00	4.193900e+02	1836	0	1
103	3	62	2	2	2	13	27	5	2	2	2	1	2	1	3.900000e+00	4.232900e+02	975	0	1
103	3	63	2	2	3	32	1	3	5	5	2	1	2	1	4.060000e+00	4.273500e+02	967	0	1
103	3	64	2	2	4	46	40	4	3	3	2	1	2	1	4.180000e+00	4.315300e+02	5717	0	1
103	3	65	2	2	5	20	5	5	2	2	2	1	2	1	3.940000e+00	4.354700e+02	4478	0	1
103	3	66	2	2	6	22	46	5	3	3	2	1	2	1	3.900000e+00	4.393700e+02	4216	0	1
103	3	67	2	1	1	29	45	5	2	2	2	1	1	2	1.880000e+00	4.412500e+02	2021	1	1
103	3	68	2	1	2	45	15	3	4	4	2	1	1	2	2.310000e+00	4.435600e+02	2586	1	1
103	3	69	2	1	3	33	52	4	5	5	2	1	1	2	1.600000e+00	4.451600e+02	3536	1	1
103	3	70	2	1	4	13	36	2	3	3	2	1	1	2	1.430000e+00	4.465900e+02	3600	1	1
103	3	71	2	2	1	31	44	3	2	3	1	1	1	2	1.940000e+00	4.485300e+02	4669	1	2
103	3	72	2	2	2	32	21	5	4	4	2	1	2	1	3.990000e+00	4.525200e+02	1519	0	2
103	3	73	2	2	3	47	50	2	5	5	2	1	2	1	4.060000e+00	4.565800e+02	2520	0	1
103	3	74	2	2	4	47	6	2	5	5	2	1	2	1	3.930000e+00	4.605100e+02	4009	0	1
103	3	75	2	2	5	50	20	5	3	3	2	1	2	1	3.980000e+00	4.644900e+02	3318	0	1
103	3	76	2	1	1	5	38	2	4	4	2	1	1	2	1.800000e+00	4.662900e+02	3695	1	1
103	3	77	2	1	2	33	53	5	2	3	0	0	0	0	0	4.662900e+02	1761	NaN	NaN
103	3	78	2	1	3	38	54	2	5	5	2	1	1	2	1.960000e+00	4.682500e+02	2221	1	NaN
103	3	79	2	1	4	14	38	2	3	3	2	1	1	2	2.720000e+00	4.709700e+02	1761	1	1
103	3	80	2	1	5	54	41	5	3	3	2	1	1	2	1.710000e+00	4.726800e+02	3697	1	1
103	3	81	2	2	1	52	14	4	5	5	2	1	2	1	3.840000e+00	4.765200e+02	1873	0	1
103	3	82	2	2	2	28	16	5	2	2	2	1	2	1	4.060000e+00	4.805800e+02	1300	0	1
103	3	83	2	2	3	10	50	4	5	5	2	1	2	1	3.890000e+00	4.844700e+02	2438	0	1
103	3	84	2	2	4	38	19	2	4	4	2	1	2	1	4	4.884700e+02	1297	0	1
103	3	1	3	1	1	46	33	4	5	5	2	1	1	2	1.700000e+00	4.901700e+02	1955	1	NaN
103	3	2	3	1	2	32	22	2	5	5	2	1	1	2	2.250000e+00	4.924200e+02	2603	1	1
103	3	3	3	1	3	14	52	4	5	5	2	1	1	2	2.260000e+00	4.946800e+02	2392	1	1
103	3	4	3	1	4	44	34	2	5	5	2	1	1	2	1.900000e+00	4.965800e+02	1174	1	1
103	3	5	3	1	5	51	24	4	5	5	2	1	1	2	1.030000e+00	4.976100e+02	2356	1	1
103	3	6	3	1	6	10	44	4	3	3	2	1	1	2	2.060000e+00	4.996700e+02	3387	1	1
103	3	7	3	2	1	25	23	5	4	4	2	1	2	1	4.190000e+00	5.038600e+02	2641	0	1
103	3	8	3	2	2	52	8	3	2	2	2	1	2	1	4.120000e+00	5.079800e+02	3437	0	1
103	3	9	3	1	1	18	32	2	4	4	2	1	1	2	1.260000e+00	5.092400e+02	1089	1	1
103	3	10	3	1	2	20	40	3	5	5	2	1	1	2	1.960000e+00	5.112000e+02	4859	1	1
103	3	11	3	1	3	43	7	2	4	4	2	1	1	2	1.680000e+00	5.128800e+02	1566	1	1
103	3	12	3	2	1	49	19	2	3	3	2	1	2	1	3.880000e+00	5.167600e+02	4292	0	1
103	3	13	3	2	2	53	16	2	4	4	2	1	2	1	3.850000e+00	5.206100e+02	4102	0	1
103	3	14	3	2	3	45	49	3	2	2	2	1	2	1	4.030000e+00	5.246400e+02	3688	0	1
103	3	15	3	1	1	37	18	3	5	5	2	1	1	2	1.800000e+00	5.264400e+02	994	1	1
103	3	16	3	2	1	1	50	2	3	3	2	1	2	1	4.010000e+00	5.304500e+02	3512	0	1
103	3	17	3	1	1	11	52	5	4	4	2	1	1	2	1.830000e+00	5.322800e+02	3089	1	1
103	3	18	3	1	2	2	25	4	2	2	2	1	1	2	1.780000e+00	5.340600e+02	1731	1	1
103	3	19	3	1	3	3	46	5	4	4	2	1	1	2	2.170000e+00	5.362300e+02	1691	1	1
103	3	20	3	1	4	38	39	2	3	3	2	1	1	2	2.340000e+00	5.385700e+02	3156	1	1
103	3	21	3	1	5	31	3	5	2	2	2	1	1	2	3	5.415700e+02	812	1	1
103	3	22	3	2	1	48	26	5	3	3	2	1	2	1	3.840000e+00	5.454100e+02	4954	0	1
103	3	23	3	2	2	47	11	2	5	5	2	1	2	1	3.880000e+00	5.492900e+02	4296	0	1
103	3	24	3	2	3	4	19	5	3	3	2	1	2	1	4.120000e+00	5.534100e+02	3530	0	1
103	3	25	3	2	4	9	36	4	3	3	2	1	2	1	3.950000e+00	5.573600e+02	5042	0	1
103	3	26	3	2	5	12	4	5	3	3	2	1	2	1	3.840000e+00	5.612000e+02	2534	0	1
103	3	27	3	2	6	41	32	5	2	2	2	1	2	1	4.040000e+00	5.652400e+02	4006	0	1
103	3	28	3	1	1	41	54	4	2	2	2	1	1	2	2.730000e+00	5.679700e+02	2356	1	1
103	3	29	3	1	2	50	15	3	4	4	2	1	1	2	2.330000e+00	5.703000e+02	1363	1	1
103	3	30	3	2	1	11	6	3	4	4	2	1	2	1	4.230000e+00	5.745300e+02	2697	0	1
103	3	31	3	2	2	23	52	2	4	4	2	1	2	1	4.060000e+00	5.785900e+02	2795	0	1
103	3	32	3	2	3	47	41	3	2	2	2	1	2	1	4.220000e+00	5.828100e+02	3088	0	1
103	3	33	3	2	4	32	17	5	4	4	2	1	2	1	3.960000e+00	5.867700e+02	2730	0	1
103	3	34	3	1	1	24	7	5	4	4	2	1	1	2	1.460000e+00	5.882300e+02	1842	1	1
103	3	35	3	1	2	32	23	3	2	2	2	1	1	2	1.900000e+00	5.901300e+02	2207	1	1
103	3	36	3	1	3	42	8	4	5	5	2	1	1	2	2.560000e+00	5.926900e+02	1460	1	1
103	3	37	3	1	4	19	40	5	3	3	2	1	1	2	1.470000e+00	5.941600e+02	3447	1	1
103	3	38	3	2	1	36	34	2	3	3	2	1	2	1	4.070000e+00	5.982300e+02	7650	0	1
103	3	39	3	2	2	8	21	4	3	3	2	1	2	1	3.930000e+00	6.021600e+02	2885	0	1
103	3	40	3	2	3	16	50	3	5	5	2	1	2	1	4.060000e+00	6.062200e+02	3271	0	1
103	3	41	3	2	4	7	33	5	2	2	2	1	2	1	3.870000e+00	6.100900e+02	1074	0	1
103	3	42	3	2	5	43	33	2	3	3	2	1	2	1	4.010000e+00	6.141000e+02	1980	0	1
103	3	43	3	1	1	11	48	3	4	4	2	1	1	2	1.060000e+00	6.151600e+02	2538	1	1
103	3	44	3	1	2	2	41	2	5	5	2	1	1	2	1.770000e+00	6.169300e+02	2098	1	1
103	3	45	3	1	3	22	2	3	5	5	2	1	1	2	2.220000e+00	6.191500e+02	1045	1	1
103	3	46	3	1	4	24	6	5	2	2	2	1	1	2	1.850000e+00	6.210000e+02	2327	1	1
103	3	47	3	1	5	52	13	2	4	4	2	1	1	2	2.580000e+00	6.235800e+02	2432	1	1
103	3	48	3	2	1	19	47	4	2	2	2	1	2	1	3.930000e+00	6.275100e+02	2172	0	1
103	3	49	3	2	2	37	34	3	5	5	2	1	2	1	3.730000e+00	6.312400e+02	5123	0	1
103	3	50	3	2	3	34	19	3	4	4	2	1	2	1	3.850000e+00	6.350900e+02	1411	0	1
103	3	51	3	2	4	8	31	5	3	3	2	1	2	1	4.120000e+00	6.392100e+02	1897	0	1
103	3	52	3	2	5	4	5	5	4	4	2	1	2	1	3.990000e+00	6.432000e+02	3674	0	1
103	3	53	3	1	1	15	31	4	5	5	2	1	1	2	2.180000e+00	6.453800e+02	1413	1	1
103	3	54	3	1	2	6	44	2	5	5	2	1	1	2	2.440000e+00	6.478200e+02	3097	1	1
103	3	55	3	1	3	3	20	5	2	2	2	1	1	2	1	6.488200e+02	1379	1	1
103	3	56	3	1	4	44	13	4	5	5	2	1	1	2	1.700000e+00	6.505200e+02	721	1	1
103	3	57	3	2	1	38	1	4	2	2	2	1	2	1	3.920000e+00	6.544400e+02	4770	0	1
103	3	58	3	2	2	25	37	5	4	4	2	1	2	1	3.880000e+00	6.583200e+02	4969	0	1
103	3	59	3	2	3	15	4	3	5	5	2	1	2	1	3.980000e+00	6.623000e+02	4943	0	1
103	3	60	3	2	4	27	51	3	2	2	2	1	2	1	4.180000e+00	6.664800e+02	3056	0	1
103	3	61	3	1	1	33	30	3	4	4	2	1	1	2	1.980000e+00	6.684600e+02	1234	1	1
103	3	62	3	1	2	4	20	2	4	4	2	1	1	2	2.580000e+00	6.710400e+02	3295	1	1
103	3	63	3	1	3	5	35	5	2	2	2	1	1	2	1.670000e+00	6.727100e+02	2648	1	1
103	3	64	3	2	1	5	43	3	2	2	2	1	2	1	4	6.767100e+02	2179	0	1
103	3	65	3	1	1	5	12	5	2	2	2	1	1	2	1.630000e+00	6.783400e+02	1410	1	1
103	3	66	3	1	2	45	35	2	3	3	2	1	1	2	2.280000e+00	6.806200e+02	1895	1	1
103	3	67	3	1	3	8	15	2	5	5	2	1	1	2	1.880000e+00	6.825000e+02	1321	1	1
103	3	68	3	1	4	15	13	3	2	2	2	1	1	2	2.230000e+00	6.847300e+02	2609	1	1
103	3	69	3	1	5	22	34	3	5	5	2	1	1	2	2.310000e+00	6.870400e+02	3047	1	1
103	3	70	3	1	6	1	26	4	2	2	2	1	1	2	1.960000e+00	6.890000e+02	1666	1	1
103	3	71	3	2	1	12	34	5	3	3	2	1	2	1	4.100000e+00	6.931000e+02	1925	0	1
103	3	72	3	2	2	23	21	5	3	3	2	1	2	1	4.270000e+00	6.973700e+02	2861	0	1
103	3	73	3	2	3	34	21	2	5	5	2	1	2	1	4.060000e+00	7.014300e+02	2713	0	1
103	3	74	3	2	4	23	6	3	4	4	2	1	2	1	4	7.054300e+02	6649	0	1
103	3	75	3	2	5	25	50	4	2	2	2	1	2	1	4.110000e+00	7.095400e+02	1597	0	1
103	3	76	3	2	6	2	52	4	3	3	2	1	2	1	4.010000e+00	7.135500e+02	5050	0	1
103	3	77	3	1	1	20	16	2	4	3	0	0	0	0	0	7.135500e+02	3677	NaN	NaN
103	3	78	3	2	1	35	4	4	5	5	2	1	2	1	3.870000e+00	7.174200e+02	3275	0	NaN
103	3	79	3	2	2	20	33	3	4	4	2	1	2	1	4.060000e+00	7.214800e+02	1550	0	1
103	3	80	3	1	1	4	44	4	3	3	2	1	1	2	2	7.234800e+02	3014	1	1
103	3	81	3	1	2	12	26	4	3	3	2	1	1	2	1.870000e+00	7.253500e+02	2650	1	1
103	3	82	3	2	1	35	38	2	3	3	2	1	2	1	4.150000e+00	7.295000e+02	4092	0	1
103	3	83	3	2	2	52	6	4	2	2	2	1	2	1	4.220000e+00	7.337200e+02	3191	0	1
103	3	84	3	2	3	13	28	4	3	3	2	1	2	1	3.940000e+00	7.376600e+02	2365	0	1
103	3	1	4	2	1	33	35	2	5	5	2	1	2	1	4.010000e+00	7.416700e+02	4210	0	NaN
103	3	2	4	2	2	29	49	2	5	5	2	1	2	1	3.900000e+00	7.455700e+02	1343	0	1
103	3	3	4	2	3	17	40	4	5	5	2	1	2	1	4.080000e+00	7.496500e+02	3551	0	1
103	3	4	4	2	4	25	27	2	4	4	2	1	2	1	3.720000e+00	7.533700e+02	1103	0	1
103	3	5	4	2	5	54	13	4	3	3	2	1	2	1	4.120000e+00	7.574900e+02	1263	0	1
103	3	6	4	2	6	50	39	4	3	3	2	1	2	1	4.030000e+00	7.615200e+02	1434	0	1
103	3	7	4	1	1	27	39	2	4	3	0	0	0	0	0	7.615200e+02	2814	NaN	NaN
103	3	8	4	1	2	54	30	4	3	3	2	1	1	2	2.120000e+00	7.636400e+02	1520	1	NaN
103	3	9	4	1	3	18	5	4	5	5	2	1	1	2	2.570000e+00	7.662100e+02	953	1	1
103	3	10	4	1	4	34	36	4	3	3	2	1	1	2	1.870000e+00	7.680800e+02	1776	1	1
103	3	11	4	2	1	23	25	2	5	5	2	1	2	1	3.980000e+00	7.720600e+02	2847	0	1
103	3	12	4	2	2	26	37	3	4	4	2	1	2	1	3.850000e+00	7.759100e+02	5202	0	1
103	3	13	4	1	1	44	37	4	2	2	2	1	1	2	1.220000e+00	7.771300e+02	2288	1	1
103	3	14	4	1	2	24	10	3	5	5	2	1	1	2	1.670000e+00	7.788000e+02	986	1	1
103	3	15	4	1	3	35	6	4	2	2	2	1	1	2	2.130000e+00	7.809300e+02	2208	1	1
103	3	16	4	2	1	40	28	2	4	4	2	1	2	1	3.940000e+00	7.848700e+02	2805	0	1
103	3	17	4	2	2	28	50	5	3	3	2	1	2	1	3.840000e+00	7.887100e+02	10002	0	1
103	3	18	4	2	3	22	41	2	4	4	2	1	2	1	4.130000e+00	7.928400e+02	3192	0	1
103	3	19	4	2	4	13	24	2	3	3	2	1	2	1	3.920000e+00	7.967600e+02	3182	0	1
103	3	20	4	2	5	15	14	5	3	3	2	1	2	1	4	8.007600e+02	2708	0	1
103	3	21	4	1	1	32	17	4	2	2	2	1	1	2	2	8.027600e+02	3589	1	1
103	3	22	4	1	2	3	52	2	4	4	2	1	1	2	1.880000e+00	8.046400e+02	2291	1	1
103	3	23	4	1	3	13	35	3	2	2	2	1	1	2	2.190000e+00	8.068300e+02	2477	1	1
103	3	24	4	1	4	54	23	4	5	5	2	1	1	2	1.880000e+00	8.087100e+02	1912	1	1
103	3	25	4	1	5	54	38	2	3	3	2	1	1	2	1.220000e+00	8.099300e+02	4537	1	1
103	3	26	4	1	6	45	41	2	3	3	2	1	1	2	1.520000e+00	8.114500e+02	3329	1	1
103	3	27	4	2	1	37	44	3	2	2	2	1	2	1	4.030000e+00	8.154800e+02	1777	0	1
103	3	28	4	2	2	25	10	5	2	2	2	1	2	1	3.850000e+00	8.193300e+02	1904	0	1
103	3	29	4	2	3	39	10	4	2	2	2	1	2	1	3.960000e+00	8.232900e+02	1393	0	1
103	3	30	4	2	4	1	49	2	4	4	2	1	2	1	3.890000e+00	8.271800e+02	3719	0	1
103	3	31	4	1	1	24	30	4	5	5	2	1	1	2	1.450000e+00	8.286300e+02	1872	1	1
103	3	32	4	1	2	19	6	5	3	3	2	1	1	2	1.520000e+00	8.301500e+02	2826	1	1
103	3	33	4	2	1	28	39	5	4	4	2	1	2	1	3.950000e+00	8.341000e+02	4591	0	1
103	3	34	4	1	1	19	53	3	5	5	2	1	1	2	2.080000e+00	8.361800e+02	3957	1	1
103	3	35	4	2	1	35	4	3	5	5	2	1	2	1	3.990000e+00	8.401700e+02	1780	0	1
103	3	36	4	2	2	7	13	4	5	5	2	1	2	1	4.130000e+00	8.443000e+02	930	0	1
103	3	37	4	2	3	46	19	4	2	2	2	1	2	1	3.970000e+00	8.482700e+02	2218	0	1
103	3	38	4	1	1	25	36	5	4	4	2	1	1	2	1.280000e+00	8.495500e+02	3303	1	1
103	3	39	4	1	2	34	18	3	4	4	2	1	1	2	2	8.515500e+02	1792	1	1
103	3	40	4	1	3	53	46	2	5	5	2	1	1	2	2.030000e+00	8.535800e+02	2886	1	1
103	3	41	4	1	4	51	41	3	4	4	2	1	1	2	2.150000e+00	8.557300e+02	2632	1	1
103	3	42	4	1	5	20	42	2	5	5	2	1	1	2	2.240000e+00	8.579700e+02	1196	1	1
103	3	43	4	2	1	27	39	3	2	3	1	1	1	2	2.600000e+00	8.605700e+02	4881	1	2
103	3	44	4	2	2	44	29	3	5	5	2	1	2	1	3.940000e+00	8.645100e+02	2388	0	2
103	3	45	4	2	3	40	36	5	4	4	2	1	2	1	4.030000e+00	8.685400e+02	4250	0	1
103	3	46	4	1	1	31	9	5	4	4	2	1	1	2	1.990000e+00	8.705300e+02	3365	1	1
103	3	47	4	1	2	41	30	4	3	3	2	1	1	2	1.730000e+00	8.722600e+02	4036	1	1
103	3	48	4	1	3	51	24	3	2	2	2	1	1	2	3.010000e+00	8.752700e+02	1431	1	1
103	3	49	4	1	4	13	21	4	5	5	2	1	1	2	1.880000e+00	8.771500e+02	2115	1	1
103	3	50	4	2	1	37	21	3	4	4	2	1	2	1	3.830000e+00	8.809800e+02	2540	0	1
103	3	51	4	2	2	16	41	5	3	3	2	1	2	1	4.210000e+00	8.851900e+02	4444	0	1
103	3	52	4	2	3	42	47	3	4	4	2	1	2	1	4.040000e+00	8.892300e+02	1800	0	1
103	3	53	4	2	4	33	47	3	5	5	2	1	2	1	3.870000e+00	8.931000e+02	1309	0	1
103	3	54	4	2	5	18	37	3	5	5	2	1	2	1	4.070000e+00	8.971700e+02	4494	0	1
103	3	55	4	2	6	40	37	3	2	2	2	1	2	1	4.150000e+00	9.013200e+02	3585	0	1
103	3	56	4	1	1	9	33	5	3	3	2	1	1	2	1.580000e+00	9.029000e+02	2838	1	1
103	3	57	4	1	2	12	44	5	4	4	2	1	1	2	2.060000e+00	9.049600e+02	1818	1	1
103	3	58	4	1	3	38	30	2	4	4	2	1	1	2	1.930000e+00	9.068900e+02	983	1	1
103	3	59	4	1	4	29	54	3	5	5	2	1	1	2	1.450000e+00	9.083400e+02	685	1	1
103	3	60	4	1	5	3	2	2	5	5	2	1	1	2	2.560000e+00	9.109000e+02	1207	1	1
103	3	61	4	1	6	13	40	3	2	2	2	1	1	2	1.990000e+00	9.128900e+02	1564	1	1
103	3	62	4	2	1	3	34	5	2	2	2	1	2	1	4.060000e+00	9.169500e+02	1411	0	1
103	3	63	4	2	2	29	33	5	3	3	2	1	2	1	3.920000e+00	9.208700e+02	1752	0	1
103	3	64	4	2	3	13	11	2	3	3	2	1	2	1	3.920000e+00	9.247900e+02	1463	0	1
103	3	65	4	2	4	28	32	3	2	2	2	1	2	1	4.040000e+00	9.288300e+02	3858	0	1
103	3	66	4	1	1	28	32	4	2	2	2	1	1	2	2.050000e+00	9.308800e+02	893	1	1
103	3	67	4	1	2	50	39	2	3	3	2	1	1	2	2.870000e+00	9.337500e+02	3687	1	1
103	3	68	4	2	1	54	33	5	2	2	2	1	2	1	3.970000e+00	9.377200e+02	1337	0	1
103	3	69	4	1	1	25	33	2	3	3	2	1	1	2	3.040000e+00	9.407600e+02	1353	1	1
103	3	70	4	1	2	14	1	5	4	4	2	1	1	2	2.710000e+00	9.434700e+02	1792	1	1
103	3	71	4	1	3	50	42	3	4	4	2	1	1	2	1.080000e+00	9.445500e+02	1807	1	1
103	3	72	4	2	1	5	35	4	3	3	2	1	2	1	3.800000e+00	9.483500e+02	1756	0	1
103	3	73	4	2	2	41	25	2	5	5	2	1	2	1	3.930000e+00	9.522800e+02	3179	0	1
103	3	74	4	1	1	51	21	3	4	4	2	1	1	2	1.910000e+00	9.541900e+02	2273	1	1
103	3	75	4	2	1	2	1	5	3	3	2	1	2	1	4	9.581900e+02	1132	0	1
103	3	76	4	2	2	43	26	5	2	2	2	1	2	1	4.100000e+00	9.622900e+02	2244	0	1
103	3	77	4	2	3	23	13	4	3	3	2	1	2	1	3.910000e+00	9.662000e+02	2440	0	1
103	3	78	4	2	4	17	8	4	5	5	2	1	2	1	3.910000e+00	9.701100e+02	2876	0	1
103	3	79	4	2	5	29	54	5	2	2	2	1	2	1	3.980000e+00	9.740900e+02	1894	0	1
103	3	80	4	1	1	30	2	2	3	3	2	1	1	2	1.990000e+00	9.760800e+02	1408	1	1
103	3	81	4	1	2	17	2	5	4	4	2	1	1	2	2.130000e+00	9.782100e+02	1013	1	1
103	3	82	4	1	3	35	26	4	2	2	2	1	1	2	2.500000e+00	9.807100e+02	1987	1	1
103	3	83	4	1	4	20	27	5	2	2	2	1	1	2	2.290000e+00	983	1832	1	1
103	3	84	4	1	5	5	1	5	2	2	2	1	1	2	1.170000e+00	9.841700e+02	1500	1	1
