LEDISAS2	Code = 105	
SubNo	Group(1=OHRHV,SLRLV; 2=OHRLV,SLRHV; 3=OLRHV,SHRLV, 4 = OLRLV,SHRHV)	Block_trial	Block	VarDist_cond	Run_number	Targ1_position	Targ2_position	Red_targ_digit	Blue_targ_digit	Response	Targ_Choice	Acc	RewardOutcome(0=inaccurate;1=lowReward;2=highReward)	VarianceOutcome(0=inaccurate; 1=lowVariance; 2=highVariance)	OutcomeValue	Points	RT	Optimal_Choice	Repeat_Switch
105	1	1	0	1	1	16	52	4	2	2	2	1	NaN	NaN	0	0	11751	1	NaN
105	1	2	0	1	2	26	11	3	4	5	0	0	NaN	NaN	0	0	5210	NaN	NaN
105	1	3	0	1	3	8	18	5	3	5	1	1	NaN	NaN	0	0	5975	0	NaN
105	1	4	0	2	1	32	33	3	2	2	2	1	NaN	NaN	0	0	3926	0	2
105	1	5	0	2	2	5	30	5	4	4	2	1	NaN	NaN	0	0	8563	0	1
105	1	6	0	2	3	25	5	4	2	4	1	1	NaN	NaN	0	0	3092	1	2
105	1	7	0	2	4	28	48	5	2	2	2	1	NaN	NaN	0	0	4663	0	2
105	1	8	0	2	5	8	6	3	5	5	2	1	NaN	NaN	0	0	7303	0	1
105	1	9	0	1	1	54	26	4	5	4	1	1	NaN	NaN	0	0	9561	0	2
105	1	10	0	1	2	42	47	2	3	3	2	1	NaN	NaN	0	0	4144	1	2
105	1	1	1	1	1	10	22	3	4	4	2	1	2	2	3.800000e+00	3.800000e+00	3254	1	NaN
105	1	2	1	1	2	35	3	2	3	3	2	1	2	2	3.220000e+00	7.020000e+00	1282	1	1
105	1	3	1	1	3	4	5	4	3	3	2	1	2	2	4.060000e+00	1.108000e+01	2708	1	1
105	1	4	1	2	1	26	4	4	5	4	1	1	2	2	4.140000e+00	1.522000e+01	2938	1	2
105	1	5	1	2	2	10	44	5	3	3	2	1	1	1	1.860000e+00	1.708000e+01	2820	0	2
105	1	6	1	2	3	18	52	5	3	3	2	1	1	1	2.140000e+00	1.922000e+01	1522	0	1
105	1	7	1	2	4	36	6	2	4	4	2	1	1	1	2.140000e+00	2.136000e+01	3693	0	1
105	1	8	1	2	5	2	44	3	2	2	2	1	1	1	2	2.336000e+01	3166	0	1
105	1	9	1	1	1	28	47	3	5	5	2	1	2	2	4.150000e+00	2.751000e+01	1900	1	1
105	1	10	1	1	2	38	32	5	4	5	1	1	1	1	2.020000e+00	2.953000e+01	1854	0	2
105	1	11	1	1	3	7	6	3	4	3	1	1	1	1	1.980000e+00	3.151000e+01	2739	0	1
105	1	12	1	1	4	35	39	3	2	3	1	1	1	1	2.090000e+00	3.360000e+01	1806	0	1
105	1	13	1	1	5	51	5	3	4	3	1	1	1	1	1.930000e+00	3.553000e+01	3164	0	1
105	1	14	1	2	1	39	1	3	2	2	2	1	1	1	2.260000e+00	3.779000e+01	4016	0	2
105	1	15	1	1	1	14	8	4	2	2	2	1	2	2	3.940000e+00	4.173000e+01	2317	1	1
105	1	16	1	1	2	35	11	5	4	4	2	1	2	2	4.050000e+00	4.578000e+01	1687	1	1
105	1	17	1	1	3	21	15	5	2	5	1	1	1	1	2.130000e+00	4.791000e+01	3183	0	2
105	1	18	1	1	4	38	12	5	4	5	1	1	1	1	2.010000e+00	4.992000e+01	1598	0	1
105	1	19	1	1	5	29	52	2	4	2	1	1	1	1	1.990000e+00	5.191000e+01	4342	0	1
105	1	20	1	1	6	27	17	4	2	4	1	1	1	1	1.900000e+00	5.381000e+01	1880	0	1
105	1	21	1	2	1	54	38	2	3	2	1	1	2	2	4.140000e+00	5.795000e+01	2167	1	1
105	1	22	1	2	2	3	41	5	2	5	1	1	2	2	3.370000e+00	6.132000e+01	4199	1	1
105	1	23	1	2	3	45	37	3	2	3	1	1	2	2	4.340000e+00	6.566000e+01	3845	1	1
105	1	24	1	1	1	47	51	4	2	4	1	1	1	1	2.190000e+00	6.785000e+01	1542	0	1
105	1	25	1	1	2	22	26	5	2	5	1	1	1	1	1.920000e+00	6.977000e+01	3870	0	1
105	1	26	1	1	3	45	46	2	4	2	1	1	1	1	2.100000e+00	7.187000e+01	4166	0	1
105	1	27	1	1	4	35	28	5	4	4	2	1	2	2	4.590000e+00	7.646000e+01	1688	1	2
105	1	28	1	2	1	39	34	3	2	3	1	1	2	2	3.250000e+00	7.971000e+01	6836	1	2
105	1	29	1	2	2	32	35	2	5	3	0	0	0	0	0	7.971000e+01	3360	NaN	NaN
105	1	30	1	2	3	29	5	5	3	5	1	1	2	2	3.320000e+00	8.303000e+01	2510	1	NaN
105	1	31	1	2	4	8	24	3	4	3	1	1	2	2	4.270000e+00	8.730000e+01	2111	1	1
105	1	32	1	2	5	3	52	3	5	3	1	1	2	2	3.810000e+00	9.111000e+01	2865	1	1
105	1	33	1	2	6	48	13	2	5	2	1	1	2	2	4.330000e+00	9.544000e+01	3005	1	1
105	1	34	1	1	1	39	4	2	4	4	2	1	2	2	4.380000e+00	9.982000e+01	4116	1	2
105	1	35	1	2	1	11	40	5	4	5	1	1	2	2	4.340000e+00	1.041600e+02	3390	1	2
105	1	36	1	2	2	26	12	2	5	3	0	0	0	0	0	1.041600e+02	1701	NaN	NaN
105	1	37	1	1	1	48	51	4	5	4	1	1	1	1	2.150000e+00	1.063100e+02	2063	0	NaN
105	1	38	1	1	2	23	20	2	3	2	1	1	1	1	2.080000e+00	1.083900e+02	3710	0	1
105	1	39	1	2	1	51	19	3	5	3	1	1	2	2	4.560000e+00	1.129500e+02	4351	1	1
105	1	40	1	2	2	1	38	5	2	5	1	1	2	2	3.430000e+00	1.163800e+02	3269	1	1
105	1	41	1	2	3	53	20	3	5	3	1	1	2	2	3.990000e+00	1.203700e+02	3214	1	1
105	1	42	1	2	4	53	41	5	4	5	1	1	2	2	3.930000e+00	1.243000e+02	4063	1	1
105	1	43	1	1	1	1	9	4	2	4	1	1	1	1	1.810000e+00	1.261100e+02	6319	0	1
105	1	44	1	1	2	43	10	4	5	5	2	1	2	2	4.120000e+00	1.302300e+02	1117	1	2
105	1	45	1	1	3	1	25	4	5	5	2	1	2	2	3.500000e+00	1.337300e+02	1311	1	1
105	1	46	1	1	4	52	53	3	2	2	2	1	2	2	4.670000e+00	1.384000e+02	1958	1	1
105	1	47	1	1	5	46	27	3	2	2	2	1	2	2	3.620000e+00	1.420200e+02	1758	1	1
105	1	48	1	1	6	21	31	5	2	2	2	1	2	2	4.250000e+00	1.462700e+02	2444	1	1
105	1	49	1	2	1	26	34	4	5	5	2	1	1	1	2.030000e+00	1.483000e+02	2742	0	1
105	1	50	1	2	2	25	27	3	4	4	2	1	1	1	1.890000e+00	1.501900e+02	10229	0	1
105	1	51	1	2	3	13	36	2	5	3	0	0	0	0	0	1.501900e+02	3708	NaN	NaN
105	1	52	1	2	4	18	23	3	5	3	1	1	2	2	2.980000e+00	1.531700e+02	3792	1	NaN
105	1	53	1	2	5	16	10	5	2	5	1	1	2	2	3.970000e+00	1.571400e+02	1102	1	1
105	1	54	1	1	1	54	19	5	3	5	1	1	1	1	1.880000e+00	1.590200e+02	1400	0	1
105	1	55	1	1	2	19	36	4	3	4	1	1	1	1	2.070000e+00	1.610900e+02	6302	0	1
105	1	56	1	1	3	16	17	2	5	2	1	1	1	1	2.060000e+00	1.631500e+02	3176	0	1
105	1	57	1	1	4	9	24	2	4	2	1	1	1	1	2.200000e+00	1.653500e+02	1125	0	1
105	1	58	1	1	5	12	8	4	2	4	1	1	1	1	2.070000e+00	1.674200e+02	9790	0	1
105	1	59	1	2	1	36	50	2	5	2	1	1	2	2	3.700000e+00	1.711200e+02	1582	1	1
105	1	60	1	2	2	37	29	2	3	2	1	1	2	2	4.180000e+00	1.753000e+02	975	1	1
105	1	61	1	2	3	41	54	4	3	4	1	1	2	2	3.520000e+00	1.788200e+02	2808	1	1
105	1	62	1	2	4	34	54	4	2	2	2	1	1	1	2	1.808200e+02	2872	0	2
105	1	63	1	2	5	8	13	4	5	5	2	1	1	1	1.990000e+00	1.828100e+02	1063	0	1
105	1	64	1	2	6	43	14	4	3	3	2	1	1	1	2	1.848100e+02	1510	0	1
105	1	65	1	1	1	9	12	3	5	5	2	1	2	2	3.850000e+00	1.886600e+02	3632	1	1
105	1	66	1	1	2	14	24	2	3	3	2	1	2	2	4.520000e+00	1.931800e+02	2207	1	1
105	1	67	1	1	3	40	24	2	5	5	2	1	2	2	3.120000e+00	1.963000e+02	1582	1	1
105	1	68	1	2	1	51	41	2	3	3	2	1	1	1	2.050000e+00	1.983500e+02	4896	0	1
105	1	69	1	1	1	22	24	4	5	5	2	1	2	2	4.420000e+00	2.027700e+02	3783	1	1
105	1	70	1	1	2	20	45	3	5	5	2	1	2	2	4.340000e+00	2.071100e+02	1593	1	1
105	1	71	1	2	1	38	39	3	4	4	2	1	1	1	2.070000e+00	2.091800e+02	4502	0	1
105	1	72	1	2	2	19	49	5	3	3	2	1	1	1	2	2.111800e+02	3335	0	1
105	1	73	1	1	1	41	28	2	4	4	2	1	2	2	4.320000e+00	2.155000e+02	2694	1	1
105	1	74	1	1	2	26	9	3	4	4	2	1	2	2	4.270000e+00	2.197700e+02	1855	1	1
105	1	75	1	1	3	52	39	5	3	3	2	1	2	2	3.880000e+00	2.236500e+02	4311	1	1
105	1	76	1	1	4	12	49	5	4	4	2	1	2	2	3.820000e+00	2.274700e+02	2229	1	1
105	1	77	1	2	1	33	23	2	3	3	2	1	1	1	1.970000e+00	2.294400e+02	4637	0	1
105	1	78	1	2	2	10	3	5	2	2	2	1	1	1	1.830000e+00	2.312700e+02	1574	0	1
105	1	79	1	2	3	45	25	4	2	2	2	1	1	1	1.970000e+00	2.332400e+02	1493	0	1
105	1	80	1	1	1	25	1	4	3	3	2	1	2	2	4.060000e+00	2.373000e+02	2895	1	1
105	1	81	1	2	1	39	21	4	3	3	2	1	1	1	2.040000e+00	2.393400e+02	6718	0	1
105	1	82	1	2	2	14	5	2	4	4	2	1	1	1	2.170000e+00	2.415100e+02	3231	0	1
105	1	83	1	2	3	45	23	4	3	3	2	1	1	1	1.960000e+00	2.434700e+02	1383	0	1
105	1	84	1	2	4	1	37	5	3	3	2	1	1	1	2.070000e+00	2.455400e+02	3846	0	1
105	1	1	2	1	1	42	10	2	4	4	2	1	2	2	4.380000e+00	2.499200e+02	3734	1	NaN
105	1	2	2	2	1	37	38	4	3	3	2	1	1	1	2.110000e+00	2.520300e+02	4974	0	1
105	1	3	2	2	2	26	20	2	5	5	2	1	1	1	1.880000e+00	2.539100e+02	2575	0	1
105	1	4	2	2	3	37	35	3	2	2	2	1	1	1	2.020000e+00	2.559300e+02	1519	0	1
105	1	5	2	2	4	22	1	4	5	5	2	1	1	1	2.030000e+00	2.579600e+02	3977	0	1
105	1	6	2	2	5	36	8	2	3	3	2	1	1	1	1.880000e+00	2.598400e+02	1815	0	1
105	1	7	2	1	1	1	8	4	3	3	2	1	2	2	3.650000e+00	2.634900e+02	3382	1	1
105	1	8	2	1	2	20	16	2	3	3	2	1	2	2	4.510000e+00	2.680000e+02	1407	1	1
105	1	9	2	1	3	21	44	4	2	2	2	1	2	2	3.940000e+00	2.719400e+02	2143	1	1
105	1	10	2	1	4	14	38	4	2	2	2	1	2	2	4.180000e+00	2.761200e+02	1685	1	1
105	1	11	2	1	5	41	27	3	5	5	2	1	2	2	4.040000e+00	2.801600e+02	4206	1	1
105	1	12	2	2	1	19	27	5	4	4	2	1	1	1	1.930000e+00	2.820900e+02	4613	0	1
105	1	13	2	2	2	35	54	5	2	2	2	1	1	1	1.930000e+00	2.840200e+02	1398	0	1
105	1	14	2	2	3	6	22	4	3	3	2	1	1	1	2.050000e+00	2.860700e+02	5134	0	1
105	1	15	2	2	4	39	21	3	5	5	2	1	1	1	1.890000e+00	2.879600e+02	2208	0	1
105	1	16	2	2	5	20	28	4	3	3	2	1	1	1	2.090000e+00	2.900500e+02	2039	0	1
105	1	17	2	2	6	9	13	2	4	4	2	1	1	1	2.070000e+00	2.921200e+02	6588	0	1
105	1	18	2	1	1	49	48	4	5	5	2	1	2	2	3.610000e+00	2.957300e+02	1876	1	1
105	1	19	2	1	2	36	42	2	5	5	2	1	2	2	3.870000e+00	2.996000e+02	3399	1	1
105	1	20	2	1	3	31	30	3	2	2	2	1	2	2	3.440000e+00	3.030400e+02	1565	1	1
105	1	21	2	2	1	49	10	5	4	4	2	1	1	1	1.740000e+00	3.047800e+02	2294	0	1
105	1	22	2	2	2	47	1	3	4	4	2	1	1	1	2.120000e+00	3.069000e+02	1396	0	1
105	1	23	2	2	3	23	48	4	5	5	2	1	1	1	1.940000e+00	3.088400e+02	2943	0	1
105	1	24	2	2	4	26	35	5	4	4	2	1	1	1	2.040000e+00	3.108800e+02	1015	0	1
105	1	25	2	1	1	42	32	3	5	5	2	1	2	2	4.110000e+00	3.149900e+02	1454	1	1
105	1	26	2	1	2	38	1	2	4	4	2	1	2	2	4.010000e+00	319	823	1	1
105	1	27	2	1	3	19	40	5	3	3	2	1	2	2	3.530000e+00	3.225300e+02	2263	1	1
105	1	28	2	1	4	28	31	4	3	3	2	1	2	2	3.550000e+00	3.260800e+02	3192	1	1
105	1	29	2	1	5	24	47	2	5	5	2	1	2	2	3.820000e+00	3.299000e+02	3132	1	1
105	1	30	2	1	6	1	4	4	5	5	2	1	2	2	3.440000e+00	3.333400e+02	1561	1	1
105	1	31	2	2	1	18	47	5	2	2	2	1	1	1	1.880000e+00	3.352200e+02	3385	0	1
105	1	32	2	2	2	51	46	2	3	4	0	0	0	0	0	3.352200e+02	2522	NaN	NaN
105	1	33	2	1	1	18	27	5	4	4	2	1	2	2	4.690000e+00	3.399100e+02	2419	1	NaN
105	1	34	2	1	2	7	11	2	3	3	2	1	2	2	4.030000e+00	3.439400e+02	1614	1	1
105	1	35	2	2	1	30	33	3	4	4	2	1	1	1	1.860000e+00	3.458000e+02	3718	0	1
105	1	36	2	1	1	50	12	4	5	5	2	1	2	2	3.980000e+00	3.497800e+02	1227	1	1
105	1	37	2	1	2	15	36	2	3	3	2	1	2	2	3.470000e+00	3.532500e+02	2158	1	1
105	1	38	2	1	3	9	3	5	3	3	2	1	2	2	3.360000e+00	3.566100e+02	2167	1	1
105	1	39	2	1	4	4	30	3	2	2	2	1	2	2	3.880000e+00	3.604900e+02	3397	1	1
105	1	40	2	2	1	11	20	3	5	5	2	1	1	1	2.110000e+00	3.626000e+02	2983	0	1
105	1	41	2	2	2	1	29	5	2	2	2	1	1	1	2.020000e+00	3.646200e+02	1319	0	1
105	1	42	2	2	3	37	51	3	2	2	2	1	1	1	2.080000e+00	3.667000e+02	2211	0	1
105	1	43	2	1	1	44	22	2	3	3	2	1	2	2	3.450000e+00	3.701500e+02	2015	1	1
105	1	44	2	1	2	52	50	5	3	3	2	1	2	2	3.780000e+00	3.739300e+02	3277	1	1
105	1	45	2	2	1	50	52	2	4	4	2	1	1	1	1.970000e+00	3.759000e+02	2348	0	1
105	1	46	2	1	1	12	38	5	3	5	1	1	1	1	1.860000e+00	3.777600e+02	3622	0	2
105	1	47	2	1	2	1	5	5	3	5	1	1	1	1	1.840000e+00	3.796000e+02	3960	0	1
105	1	48	2	1	3	54	48	4	3	4	1	1	1	1	2.110000e+00	3.817100e+02	1292	0	1
105	1	49	2	1	4	4	32	2	3	2	1	1	1	1	2	3.837100e+02	2220	0	1
105	1	50	2	2	1	6	53	5	2	2	2	1	1	1	1.920000e+00	3.856300e+02	1319	0	2
105	1	51	2	2	2	5	14	2	4	4	2	1	1	1	2.090000e+00	3.877200e+02	1884	0	1
105	1	52	2	1	1	15	32	4	2	4	1	1	1	1	2.030000e+00	3.897500e+02	932	0	2
105	1	53	2	1	2	51	7	3	4	3	1	1	1	1	1.880000e+00	3.916300e+02	5063	0	1
105	1	54	2	1	3	10	45	5	2	5	1	1	1	1	2.160000e+00	3.937900e+02	1215	0	1
105	1	55	2	1	4	49	41	2	4	2	1	1	1	1	2.030000e+00	3.958200e+02	3646	0	1
105	1	56	2	1	5	1	38	3	4	4	2	1	2	2	4.700000e+00	4.005200e+02	3308	1	2
105	1	57	2	2	1	2	9	3	2	3	1	1	2	2	4.540000e+00	4.050600e+02	2094	1	2
105	1	58	2	2	2	13	30	3	2	3	1	1	2	2	3.680000e+00	4.087400e+02	1910	1	1
105	1	59	2	2	3	7	49	3	5	5	2	1	1	1	1.850000e+00	4.105900e+02	1999	0	2
105	1	60	2	2	4	6	30	3	2	2	2	1	1	1	1.990000e+00	4.125800e+02	1182	0	1
105	1	61	2	2	5	52	51	2	4	4	2	1	1	1	1.960000e+00	4.145400e+02	1238	0	1
105	1	62	2	2	6	30	14	4	3	3	2	1	1	1	1.900000e+00	4.164400e+02	2070	0	1
105	1	63	2	1	1	37	31	5	2	2	2	1	2	2	4.230000e+00	4.206700e+02	1358	1	1
105	1	64	2	1	2	6	31	5	4	4	2	1	2	2	4.700000e+00	4.253700e+02	991	1	1
105	1	65	2	1	3	16	29	4	5	5	2	1	2	2	3.740000e+00	4.291100e+02	1259	1	1
105	1	66	2	2	1	17	15	5	4	4	2	1	1	1	1.900000e+00	4.310100e+02	2376	0	1
105	1	67	2	2	2	16	31	4	2	2	2	1	1	1	1.970000e+00	4.329800e+02	2343	0	1
105	1	68	2	2	3	52	22	2	5	5	2	1	1	1	2.080000e+00	4.350600e+02	3661	0	1
105	1	69	2	1	1	3	50	4	5	4	1	1	1	1	1.900000e+00	4.369600e+02	2664	0	2
105	1	70	2	2	1	40	33	5	2	5	1	1	2	2	3.430000e+00	4.403900e+02	3423	1	1
105	1	71	2	2	2	51	8	4	2	4	1	1	2	2	3.940000e+00	4.443300e+02	2384	1	1
105	1	72	2	2	3	40	16	4	2	4	1	1	2	2	3.970000e+00	4.483000e+02	2488	1	1
105	1	73	2	2	4	40	43	3	4	4	2	1	1	1	2.060000e+00	4.503600e+02	3029	0	2
105	1	74	2	2	5	32	5	5	3	3	2	1	1	1	1.930000e+00	4.522900e+02	4653	0	1
105	1	75	2	1	1	43	24	3	4	4	2	1	2	2	3.930000e+00	4.562200e+02	2573	1	1
105	1	76	2	1	2	52	34	4	2	2	2	1	2	2	3.800000e+00	4.600200e+02	3413	1	1
105	1	77	2	1	3	42	13	2	5	5	2	1	2	2	3.960000e+00	4.639800e+02	881	1	1
105	1	78	2	1	4	17	3	3	5	5	2	1	2	2	4.720000e+00	4.687000e+02	973	1	1
105	1	79	2	1	5	52	7	3	4	4	2	1	2	2	3.710000e+00	4.724100e+02	1772	1	1
105	1	80	2	1	6	34	48	2	5	5	2	1	2	2	3.370000e+00	4.757800e+02	1382	1	1
105	1	81	2	2	1	21	37	3	5	3	1	1	2	2	4.220000e+00	480	8760	1	2
105	1	82	2	2	2	49	12	5	3	3	2	1	1	1	1.890000e+00	4.818900e+02	1078	0	2
105	1	83	2	2	3	1	53	2	5	2	1	1	2	2	4.020000e+00	4.859100e+02	2278	1	2
105	1	84	2	2	4	40	9	5	4	5	1	1	2	2	3.700000e+00	4.896100e+02	4588	1	1
105	1	1	3	1	1	52	45	4	5	4	1	1	1	1	2.060000e+00	4.916700e+02	3791	0	NaN
105	1	2	3	1	2	44	9	4	2	2	2	1	2	2	4.260000e+00	4.959300e+02	3661	1	2
105	1	3	3	1	3	5	2	3	5	3	1	1	1	1	1.980000e+00	4.979100e+02	2846	0	2
105	1	4	3	1	4	51	25	5	4	4	2	1	2	2	3.030000e+00	5.009400e+02	2286	1	2
105	1	5	3	1	5	2	16	2	5	5	2	1	2	2	4.060000e+00	505	2567	1	1
105	1	6	3	1	6	54	42	4	2	2	2	1	2	2	4.750000e+00	5.097500e+02	3607	1	1
105	1	7	3	2	1	22	3	4	5	5	2	1	1	1	2.120000e+00	5.118700e+02	4197	0	1
105	1	8	3	1	1	54	30	5	4	4	2	1	2	2	3.260000e+00	5.151300e+02	926	1	1
105	1	9	3	1	2	48	18	4	2	2	2	1	2	2	3.960000e+00	5.190900e+02	2454	1	1
105	1	10	3	1	3	44	35	5	3	3	2	1	2	2	3.680000e+00	5.227700e+02	3492	1	1
105	1	11	3	2	1	6	21	3	5	5	2	1	1	1	1.880000e+00	5.246500e+02	2001	0	1
105	1	12	3	2	2	45	25	5	2	5	1	1	2	2	3.420000e+00	5.280700e+02	3768	1	2
105	1	13	3	2	3	8	10	2	4	2	1	1	2	2	4.140000e+00	5.322100e+02	1967	1	1
105	1	14	3	2	4	19	24	2	4	4	2	1	1	1	1.950000e+00	5.341600e+02	2112	0	2
105	1	15	3	1	1	46	49	4	5	5	2	1	2	2	4.030000e+00	5.381900e+02	4582	1	1
105	1	16	3	1	2	7	6	4	3	3	2	1	2	2	3.830000e+00	5.420200e+02	1533	1	1
105	1	17	3	1	3	39	47	2	4	4	2	1	2	2	3.780000e+00	5.458000e+02	1239	1	1
105	1	18	3	1	4	29	3	2	4	4	2	1	2	2	4.170000e+00	5.499700e+02	1722	1	1
105	1	19	3	1	5	44	9	4	5	5	2	1	2	2	4.340000e+00	5.543100e+02	1525	1	1
105	1	20	3	2	1	54	29	5	2	2	2	1	1	1	2.250000e+00	5.565600e+02	1791	0	1
105	1	21	3	2	2	39	21	4	3	3	2	1	1	1	1.840000e+00	5.584000e+02	3641	0	1
105	1	22	3	1	1	2	18	2	4	4	2	1	2	2	3.520000e+00	5.619200e+02	2143	1	1
105	1	23	3	2	1	29	18	5	2	2	2	1	1	1	2.120000e+00	5.640400e+02	4030	0	1
105	1	24	3	2	2	32	48	2	3	3	2	1	1	1	1.950000e+00	5.659900e+02	4206	0	1
105	1	25	3	2	3	2	7	3	4	4	2	1	1	1	1.840000e+00	5.678300e+02	5893	0	1
105	1	26	3	1	1	54	37	3	5	3	1	1	1	1	2.040000e+00	5.698700e+02	6729	0	2
105	1	27	3	1	2	43	2	3	5	5	2	1	2	2	4.730000e+00	5.746000e+02	9109	1	2
105	1	28	3	2	1	21	38	2	4	4	2	1	1	1	2.080000e+00	5.766800e+02	4567	0	1
105	1	29	3	2	2	13	49	3	2	3	1	1	2	2	4.920000e+00	5.816000e+02	1216	1	2
105	1	30	3	2	3	6	34	2	5	2	1	1	2	2	4.240000e+00	5.858400e+02	2144	1	1
105	1	31	3	2	4	17	46	5	3	5	1	1	2	2	4.880000e+00	5.907200e+02	1271	1	1
105	1	32	3	2	5	17	46	5	2	5	1	1	2	2	3.840000e+00	5.945600e+02	2671	1	1
105	1	33	3	2	6	5	19	4	2	4	1	1	2	2	3.460000e+00	5.980200e+02	2296	1	1
105	1	34	3	1	1	35	16	2	5	2	1	1	1	1	1.980000e+00	6.000000e+02	2007	0	1
105	1	35	3	1	2	38	45	5	4	5	1	1	1	1	2.140000e+00	6.021400e+02	3016	0	1
105	1	36	3	1	3	12	32	5	4	5	1	1	1	1	1.870000e+00	6.040100e+02	5295	0	1
105	1	37	3	1	4	27	41	3	2	2	2	1	2	2	4.300000e+00	6.083100e+02	2223	1	2
105	1	38	3	2	1	6	19	2	3	3	2	1	1	1	1.930000e+00	6.102400e+02	2287	0	1
105	1	39	3	2	2	27	8	5	4	4	2	1	1	1	2.060000e+00	6.123000e+02	4062	0	1
105	1	40	3	2	3	7	8	2	3	3	2	1	1	1	1.870000e+00	6.141700e+02	1606	0	1
105	1	41	3	2	4	12	11	3	2	3	1	1	2	2	4.040000e+00	6.182100e+02	869	1	2
105	1	42	3	2	5	51	45	2	4	2	1	1	2	2	3.060000e+00	6.212700e+02	3533	1	1
105	1	43	3	1	1	9	23	5	3	5	1	1	1	1	1.940000e+00	6.232100e+02	7126	0	1
105	1	44	3	1	2	28	45	3	4	4	2	1	2	2	4.220000e+00	6.274300e+02	3716	1	2
105	1	45	3	2	1	3	1	4	3	3	2	1	1	1	1.960000e+00	6.293900e+02	1740	0	1
105	1	46	3	1	1	38	7	5	3	5	1	1	1	1	2.150000e+00	6.315400e+02	4542	0	2
105	1	47	3	1	2	53	20	4	3	4	1	1	1	1	1.930000e+00	6.334700e+02	2294	0	1
105	1	48	3	1	3	6	51	2	3	3	2	1	2	2	2.900000e+00	6.363700e+02	2319	1	2
105	1	49	3	1	4	44	24	4	5	5	2	1	2	2	3.420000e+00	6.397900e+02	2004	1	1
105	1	50	3	2	1	32	11	3	2	3	1	1	2	2	4.500000e+00	6.442900e+02	2534	1	2
105	1	51	3	2	2	22	20	3	4	3	1	1	2	2	3.950000e+00	6.482400e+02	5767	1	1
105	1	52	3	2	3	28	27	3	2	3	1	1	2	2	4.180000e+00	6.524200e+02	2648	1	1
105	1	53	3	1	1	29	45	3	5	5	2	1	2	2	4.440000e+00	6.568600e+02	5391	1	2
105	1	54	3	1	2	46	37	5	3	3	2	1	2	2	3	6.598600e+02	2151	1	1
105	1	55	3	1	3	30	18	4	2	2	2	1	2	2	3.700000e+00	6.635600e+02	2304	1	1
105	1	56	3	2	1	30	40	4	5	5	2	1	1	1	1.920000e+00	6.654800e+02	2421	0	1
105	1	57	3	2	2	11	32	2	3	3	2	1	1	1	1.880000e+00	6.673600e+02	1272	0	1
105	1	58	3	2	3	47	5	4	2	2	2	1	1	1	1.980000e+00	6.693400e+02	2998	0	1
105	1	59	3	2	4	31	30	3	5	5	2	1	1	1	2.180000e+00	6.715200e+02	4871	0	1
105	1	60	3	2	5	50	11	2	5	5	2	1	1	1	2	6.735200e+02	7035	0	1
105	1	61	3	1	1	35	46	3	5	3	1	1	1	1	2.140000e+00	6.756600e+02	2805	0	2
105	1	62	3	1	2	23	7	2	5	5	2	1	2	2	3.670000e+00	6.793300e+02	2933	1	2
105	1	63	3	1	3	10	3	5	3	3	2	1	2	2	4	6.833300e+02	2350	1	1
105	1	64	3	1	4	50	39	3	4	4	2	1	2	2	3.630000e+00	6.869600e+02	1895	1	1
105	1	65	3	1	5	21	30	5	2	2	2	1	2	2	4.280000e+00	6.912400e+02	1046	1	1
105	1	66	3	1	6	42	19	5	4	3	0	0	0	0	0	6.912400e+02	1190	NaN	NaN
105	1	67	3	2	1	32	13	3	4	4	2	1	1	1	1.970000e+00	6.932100e+02	1002	0	NaN
105	1	68	3	2	2	27	9	4	3	3	2	1	1	1	2.060000e+00	6.952700e+02	3963	0	1
105	1	69	3	2	3	49	53	2	3	3	2	1	1	1	2.080000e+00	6.973500e+02	1368	0	1
105	1	70	3	2	4	54	16	5	2	2	2	1	1	1	1.990000e+00	6.993400e+02	6013	0	1
105	1	71	3	1	1	10	36	3	4	3	1	1	1	1	2.100000e+00	7.014400e+02	1751	0	2
105	1	72	3	1	2	21	37	4	5	5	2	1	2	2	5.090000e+00	7.065300e+02	1272	1	2
105	1	73	3	1	3	26	38	3	4	4	2	1	2	2	4.250000e+00	7.107800e+02	1383	1	1
105	1	74	3	1	4	14	19	4	3	4	1	1	1	1	2	7.127800e+02	1581	0	2
105	1	75	3	1	5	4	36	4	3	4	1	1	1	1	2.110000e+00	7.148900e+02	2508	0	1
105	1	76	3	2	1	13	3	5	2	5	1	1	2	2	4.030000e+00	7.189200e+02	3460	1	1
105	1	77	3	2	2	42	38	2	3	2	1	1	2	2	3.480000e+00	7.224000e+02	2261	1	1
105	1	78	3	2	3	34	38	5	3	3	2	1	1	1	2.060000e+00	7.244600e+02	4397	0	2
105	1	79	3	2	4	43	34	3	2	2	2	1	1	1	2	7.264600e+02	2671	0	1
105	1	80	3	2	5	6	44	2	5	2	1	1	2	2	3.870000e+00	7.303300e+02	6125	1	2
105	1	81	3	2	6	16	20	4	2	4	1	1	2	2	4.600000e+00	7.349300e+02	1374	1	1
105	1	82	3	1	1	7	43	5	4	4	2	1	2	2	4.880000e+00	7.398100e+02	2724	1	2
105	1	83	3	2	1	32	37	3	2	2	2	1	1	1	1.940000e+00	7.417500e+02	5231	0	1
105	1	84	3	2	2	45	19	2	5	2	1	1	2	2	4.050000e+00	7.458000e+02	2158	1	2
105	1	1	4	1	1	11	24	3	5	5	2	1	2	2	3.620000e+00	7.494200e+02	4245	1	NaN
105	1	2	4	1	2	13	31	4	5	5	2	1	2	2	4.320000e+00	7.537400e+02	1782	1	1
105	1	3	4	1	3	4	47	3	4	4	2	1	2	2	2.890000e+00	7.566300e+02	2487	1	1
105	1	4	4	2	1	17	41	3	2	2	2	1	1	1	2.120000e+00	7.587500e+02	2460	0	1
105	1	5	4	2	2	34	23	2	5	5	2	1	1	1	2.030000e+00	7.607800e+02	2342	0	1
105	1	6	4	2	3	28	27	2	3	4	0	0	0	0	0	7.607800e+02	5767	NaN	NaN
105	1	7	4	2	4	25	49	3	2	2	2	1	1	1	2.030000e+00	7.628100e+02	1483	0	NaN
105	1	8	4	2	5	40	41	3	4	4	2	1	1	1	2.140000e+00	7.649500e+02	4317	0	1
105	1	9	4	1	1	22	54	4	5	5	2	1	2	2	3.870000e+00	7.688200e+02	1552	1	1
105	1	10	4	1	2	17	21	3	4	4	2	1	2	2	3.940000e+00	7.727600e+02	2174	1	1
105	1	11	4	1	3	21	23	5	4	4	2	1	2	2	3.400000e+00	7.761600e+02	3629	1	1
105	1	12	4	1	4	6	42	5	2	2	2	1	2	2	3.220000e+00	7.793800e+02	2827	1	1
105	1	13	4	1	5	54	20	4	2	2	2	1	2	2	3.670000e+00	7.830500e+02	1996	1	1
105	1	14	4	2	1	42	10	4	2	2	2	1	1	1	2.030000e+00	7.850800e+02	975	0	1
105	1	15	4	1	1	1	53	5	2	2	2	1	2	2	3.740000e+00	7.888200e+02	983	1	1
105	1	16	4	1	2	5	11	2	4	4	2	1	2	2	3.370000e+00	7.921900e+02	1306	1	1
105	1	17	4	1	3	19	33	4	2	2	2	1	2	2	4.510000e+00	7.967000e+02	984	1	1
105	1	18	4	1	4	26	42	3	2	5	0	0	0	0	0	7.967000e+02	2053	NaN	NaN
105	1	19	4	1	5	22	1	5	4	4	2	1	2	2	3.660000e+00	8.003600e+02	1176	1	NaN
105	1	20	4	1	6	10	14	4	3	3	2	1	2	2	3.990000e+00	8.043500e+02	1047	1	1
105	1	21	4	2	1	44	2	3	4	4	2	1	1	1	2	8.063500e+02	5995	0	1
105	1	22	4	2	2	3	15	2	5	4	0	0	0	0	0	8.063500e+02	1287	NaN	NaN
105	1	23	4	2	3	3	10	2	3	3	2	1	1	1	1.970000e+00	8.083200e+02	2747	0	NaN
105	1	24	4	1	1	12	40	3	5	5	2	1	2	2	4.190000e+00	8.125100e+02	2228	1	1
105	1	25	4	1	2	35	30	5	4	4	2	1	2	2	3.880000e+00	8.163900e+02	1165	1	1
105	1	26	4	1	3	18	49	4	3	3	2	1	2	2	3.220000e+00	8.196100e+02	2492	1	1
105	1	27	4	1	4	9	29	4	3	3	2	1	2	2	3.520000e+00	8.231300e+02	827	1	1
105	1	28	4	2	1	5	25	4	5	5	2	1	1	1	2.030000e+00	8.251600e+02	1582	0	1
105	1	29	4	2	2	15	3	4	3	3	2	1	1	1	1.850000e+00	8.270100e+02	6049	0	1
105	1	30	4	2	3	52	30	5	3	3	2	1	1	1	1.960000e+00	8.289700e+02	1373	0	1
105	1	31	4	2	4	2	25	3	2	2	2	1	1	1	1.890000e+00	8.308600e+02	2351	0	1
105	1	32	4	2	5	34	46	2	3	3	2	1	1	1	1.860000e+00	8.327200e+02	2359	0	1
105	1	33	4	2	6	50	12	3	5	5	2	1	1	1	1.880000e+00	8.346000e+02	1560	0	1
105	1	34	4	1	1	32	16	4	5	5	2	1	2	2	3.810000e+00	8.384100e+02	1054	1	1
105	1	35	4	2	1	22	24	5	3	3	2	1	1	1	2.020000e+00	8.404300e+02	3439	0	1
105	1	36	4	2	2	25	42	5	3	3	2	1	1	1	1.990000e+00	8.424200e+02	7371	0	1
105	1	37	4	1	1	34	8	2	5	2	1	1	1	1	2.130000e+00	8.445500e+02	1718	0	2
105	1	38	4	1	2	19	37	5	2	5	1	1	1	1	1.970000e+00	8.465200e+02	6012	0	1
105	1	39	4	2	1	28	9	4	2	4	1	1	2	2	3.280000e+00	8.498000e+02	2806	1	1
105	1	40	4	2	2	31	48	2	4	4	2	1	1	1	2	8.518000e+02	4340	0	2
105	1	41	4	2	3	39	11	4	5	5	2	1	1	1	2.010000e+00	8.538100e+02	1089	0	1
105	1	42	4	2	4	24	18	2	4	4	2	1	1	1	2.040000e+00	8.558500e+02	2651	0	1
105	1	43	4	1	1	7	22	4	3	3	2	1	2	2	4.240000e+00	8.600900e+02	2028	1	1
105	1	44	4	1	2	15	33	5	3	3	2	1	2	2	4.600000e+00	8.646900e+02	895	1	1
105	1	45	4	1	3	42	21	4	5	5	2	1	2	2	3.740000e+00	8.684300e+02	3182	1	1
105	1	46	4	1	4	44	15	2	5	5	2	1	2	2	4.120000e+00	8.725500e+02	3165	1	1
105	1	47	4	1	5	17	10	5	2	5	1	1	1	1	2	8.745500e+02	4503	0	2
105	1	48	4	1	6	35	33	5	4	5	1	1	1	1	1.930000e+00	8.764800e+02	1655	0	1
105	1	49	4	2	1	47	26	3	2	3	1	1	2	2	5.010000e+00	8.814900e+02	2463	1	1
105	1	50	4	2	2	25	14	3	2	2	2	1	1	1	1.970000e+00	8.834600e+02	1144	0	2
105	1	51	4	2	3	31	11	5	4	4	2	1	1	1	1.830000e+00	8.852900e+02	1782	0	1
105	1	52	4	2	4	48	4	3	5	5	2	1	1	1	2.210000e+00	8.875000e+02	2239	0	1
105	1	53	4	2	5	14	49	3	2	3	1	1	2	2	4.150000e+00	8.916500e+02	1949	1	2
105	1	54	4	1	1	11	51	5	2	2	2	1	2	2	3.470000e+00	8.951200e+02	4796	1	2
105	1	55	4	1	2	9	26	3	5	5	2	1	2	2	4.290000e+00	8.994100e+02	2473	1	1
105	1	56	4	1	3	22	21	4	2	2	2	1	2	2	4.600000e+00	9.040100e+02	2701	1	1
105	1	57	4	1	4	44	2	2	3	2	1	1	1	1	1.890000e+00	9.059000e+02	3054	0	2
105	1	58	4	1	5	46	40	2	5	2	1	1	1	1	2.020000e+00	9.079200e+02	1701	0	1
105	1	59	4	2	1	4	18	2	4	2	1	1	2	2	3.930000e+00	9.118500e+02	1938	1	1
105	1	60	4	2	2	10	42	2	3	2	1	1	2	2	3.450000e+00	9.153000e+02	1173	1	1
105	1	61	4	2	3	24	34	3	4	4	2	1	1	1	2.140000e+00	9.174400e+02	7278	0	2
105	1	62	4	2	4	16	32	3	5	3	1	1	2	2	3.990000e+00	9.214300e+02	2536	1	2
105	1	63	4	2	5	1	46	5	2	5	1	1	2	2	4.250000e+00	9.256800e+02	1040	1	1
105	1	64	4	2	6	2	12	2	5	2	1	1	2	2	3.660000e+00	9.293400e+02	2550	1	1
105	1	65	4	1	1	39	14	3	4	4	2	1	2	2	3.690000e+00	9.330300e+02	1178	1	2
105	1	66	4	1	2	22	52	5	3	4	0	0	0	0	0	9.330300e+02	699	NaN	NaN
105	1	67	4	1	3	52	12	3	5	5	2	1	2	2	4.150000e+00	9.371800e+02	1144	1	NaN
105	1	68	4	2	1	37	11	2	3	3	2	1	1	1	2.010000e+00	9.391900e+02	2069	0	1
105	1	69	4	1	1	48	13	5	2	2	2	1	2	2	4.870000e+00	9.440600e+02	3145	1	1
105	1	70	4	1	2	10	9	5	3	3	2	1	2	2	3.870000e+00	9.479300e+02	2007	1	1
105	1	71	4	2	1	48	44	4	3	3	2	1	1	1	2.260000e+00	9.501900e+02	4334	0	1
105	1	72	4	2	2	43	1	5	3	3	2	1	1	1	2.180000e+00	9.523700e+02	909	0	1
105	1	73	4	1	1	4	12	4	3	3	2	1	2	2	3.080000e+00	9.554500e+02	696	1	1
105	1	74	4	1	2	25	16	2	4	4	2	1	2	2	3.210000e+00	9.586600e+02	3126	1	1
105	1	75	4	1	3	50	26	4	2	2	2	1	2	2	3.730000e+00	9.623900e+02	1597	1	1
105	1	76	4	1	4	27	18	2	3	2	1	1	1	1	1.980000e+00	9.643700e+02	0	0	2
105	1	77	4	2	1	44	26	2	5	5	2	1	1	1	2	9.663700e+02	5424	0	2
105	1	78	4	2	2	20	3	2	4	4	2	1	1	1	2.100000e+00	9.684700e+02	3342	0	1
105	1	79	4	2	3	49	53	5	4	4	2	1	1	1	1.910000e+00	9.703800e+02	1238	0	1
105	1	80	4	1	1	14	1	4	5	5	2	1	2	2	3.660000e+00	9.740400e+02	2223	1	1
105	1	81	4	2	1	9	32	2	4	4	2	1	1	1	1.980000e+00	9.760200e+02	4109	0	1
105	1	82	4	2	2	24	26	5	4	4	2	1	1	1	2	9.780200e+02	1514	0	1
105	1	83	4	2	3	29	16	3	4	4	2	1	1	1	2.030000e+00	9.800500e+02	646	0	1
105	1	84	4	2	4	21	18	4	2	2	2	1	1	1	2.120000e+00	9.821700e+02	3004	0	1
