LEDISAS2	Code = 75	
SubNo	Group(1=OHRHV,SLRLV; 2=OHRLV,SLRHV; 3=OLRHV,SHRLV, 4 = OLRLV,SHRHV)	Block_trial	Block	VarDist_cond	Run_number	Targ1_position	Targ2_position	Red_targ_digit	Blue_targ_digit	Response	Targ_Choice	Acc	RewardOutcome(0=inaccurate;1=lowReward;2=highReward)	VarianceOutcome(0=inaccurate; 1=lowVariance; 2=highVariance)	OutcomeValue	Points	RT	Optimal_Choice	Repeat_Switch
75	3	1	0	2	1	2	14	3	2	3	1	1	NaN	NaN	0	0	5641	1	NaN
75	3	2	0	2	2	29	12	3	4	3	1	1	NaN	NaN	0	0	6102	1	1
75	3	3	0	2	3	13	32	5	3	5	1	1	NaN	NaN	0	0	6219	1	1
75	3	4	0	2	4	36	34	3	5	3	1	1	NaN	NaN	0	0	1777	1	1
75	3	5	0	2	5	26	3	3	5	3	1	1	NaN	NaN	0	0	2629	1	1
75	3	6	0	2	6	4	3	4	3	4	1	1	NaN	NaN	0	0	2766	1	1
75	3	7	0	1	1	48	17	5	4	4	2	1	NaN	NaN	0	0	7699	1	2
75	3	8	0	1	2	37	22	2	5	5	2	1	NaN	NaN	0	0	3242	1	1
75	3	9	0	2	1	14	10	3	5	3	1	1	NaN	NaN	0	0	1552	1	2
75	3	10	0	2	2	39	45	5	2	5	1	1	NaN	NaN	0	0	4353	1	1
75	3	1	1	2	1	53	36	2	5	2	1	1	1	2	1.800000e+00	1.800000e+00	3528	1	NaN
75	3	2	1	2	2	38	26	3	5	3	1	1	1	2	1.220000e+00	3.020000e+00	5172	1	1
75	3	3	1	2	3	7	22	4	5	5	2	1	2	1	4.010000e+00	7.030000e+00	3343	0	2
75	3	4	1	2	4	21	2	3	4	3	1	1	1	2	2.140000e+00	9.170000e+00	2419	1	2
75	3	5	1	2	5	2	22	3	5	3	1	1	1	2	1.460000e+00	1.063000e+01	1804	1	1
75	3	6	1	2	6	44	14	2	5	2	1	1	1	2	2.560000e+00	1.319000e+01	2924	1	1
75	3	7	1	1	1	49	26	5	4	4	2	1	1	2	2.560000e+00	1.575000e+01	3390	1	2
75	3	8	1	1	2	23	37	3	2	2	2	1	1	2	1.980000e+00	1.773000e+01	3342	1	1
75	3	9	1	2	1	47	2	2	4	2	1	1	1	2	2.150000e+00	1.988000e+01	2920	1	2
75	3	10	1	2	2	52	41	4	2	4	1	1	1	2	2.080000e+00	2.196000e+01	1714	1	1
75	3	11	1	1	1	25	32	2	4	4	2	1	1	2	1.910000e+00	2.387000e+01	1430	1	2
75	3	12	1	2	1	50	52	3	5	4	0	0	0	0	0	2.387000e+01	2281	NaN	NaN
75	3	13	1	1	1	2	13	2	5	5	2	1	1	2	2.340000e+00	2.621000e+01	1913	1	NaN
75	3	14	1	1	2	38	21	3	2	2	2	1	1	2	1.720000e+00	2.793000e+01	2329	1	1
75	3	15	1	1	3	27	18	4	3	3	2	1	1	2	3.030000e+00	3.096000e+01	3399	1	1
75	3	16	1	2	1	20	47	3	5	3	1	1	1	2	1.940000e+00	3.290000e+01	2807	1	2
75	3	17	1	2	2	27	54	5	3	5	1	1	1	2	2.050000e+00	3.495000e+01	4552	1	1
75	3	18	1	2	3	18	43	4	5	4	1	1	1	2	2.500000e+00	3.745000e+01	4652	1	1
75	3	19	1	2	4	48	7	2	3	2	1	1	1	2	2.030000e+00	3.948000e+01	3783	1	1
75	3	20	1	1	1	44	19	4	5	5	2	1	1	2	1.950000e+00	4.143000e+01	3479	1	2
75	3	21	1	1	2	2	38	5	3	3	2	1	1	2	1.610000e+00	4.304000e+01	3071	1	1
75	3	22	1	1	3	36	3	5	4	4	2	1	1	2	2.140000e+00	4.518000e+01	3254	1	1
75	3	23	1	1	4	53	14	2	4	4	2	1	1	2	1.370000e+00	4.655000e+01	1487	1	1
75	3	24	1	2	1	51	38	4	3	3	2	1	2	1	4.080000e+00	5.063000e+01	1886	0	1
75	3	25	1	2	2	36	13	2	5	2	1	1	1	2	2.770000e+00	5.340000e+01	2391	1	2
75	3	26	1	2	3	28	23	3	2	3	1	1	1	2	1.670000e+00	5.507000e+01	2206	1	1
75	3	27	1	2	4	48	47	4	2	4	1	1	1	2	2.400000e+00	5.747000e+01	997	1	1
75	3	28	1	2	5	48	15	2	3	2	1	1	1	2	2.590000e+00	6.006000e+01	3503	1	1
75	3	29	1	1	1	30	9	4	2	4	1	1	2	1	3.810000e+00	6.387000e+01	2583	0	1
75	3	30	1	1	2	24	10	3	4	4	2	1	1	2	1.320000e+00	6.519000e+01	3316	1	2
75	3	31	1	1	3	15	10	2	4	4	2	1	1	2	2.270000e+00	6.746000e+01	1573	1	1
75	3	32	1	1	4	4	35	3	5	5	2	1	1	2	1.810000e+00	6.927000e+01	1593	1	1
75	3	33	1	1	5	22	44	3	4	4	2	1	1	2	2.330000e+00	7.160000e+01	3736	1	1
75	3	34	1	1	6	13	52	5	4	4	2	1	1	2	2.380000e+00	7.398000e+01	1207	1	1
75	3	35	1	2	1	3	29	2	5	5	2	1	2	1	4.080000e+00	7.806000e+01	1447	0	1
75	3	36	1	2	2	6	7	4	3	4	1	1	1	2	2.610000e+00	8.067000e+01	3316	1	2
75	3	37	1	2	3	16	41	5	4	4	2	1	2	1	4.080000e+00	8.475000e+01	2200	0	2
75	3	38	1	1	1	30	18	4	5	5	2	1	1	2	2.560000e+00	8.731000e+01	5982	1	1
75	3	39	1	1	2	8	40	3	4	4	2	1	1	2	1.430000e+00	8.874000e+01	2888	1	1
75	3	40	1	1	3	47	14	5	4	5	1	1	2	1	4	9.274000e+01	2703	0	2
75	3	41	1	1	4	23	38	2	3	2	1	1	2	1	3.980000e+00	9.672000e+01	2855	0	1
75	3	42	1	1	5	7	18	5	3	5	1	1	2	1	3.810000e+00	1.005300e+02	3392	0	1
75	3	43	1	2	1	3	21	5	2	2	2	1	2	1	4.030000e+00	1.045600e+02	4062	0	2
75	3	44	1	1	1	10	6	4	3	5	0	0	0	0	0	1.045600e+02	1367	NaN	NaN
75	3	45	1	1	2	4	10	3	4	4	2	1	1	2	1.500000e+00	1.060600e+02	1534	1	NaN
75	3	46	1	1	3	17	20	2	5	2	1	1	2	1	4.170000e+00	1.102300e+02	4610	0	2
75	3	47	1	2	1	42	39	2	3	3	2	1	2	1	3.910000e+00	1.141400e+02	4503	0	2
75	3	48	1	2	2	14	21	5	4	4	2	1	2	1	4.060000e+00	1.182000e+02	2784	0	1
75	3	49	1	2	3	35	42	4	5	5	2	1	2	1	4.030000e+00	1.222300e+02	4239	0	1
75	3	50	1	1	1	19	24	5	3	5	1	1	2	1	3.890000e+00	1.261200e+02	6703	0	2
75	3	51	1	1	2	2	27	3	4	3	1	1	2	1	3.740000e+00	1.298600e+02	4329	0	1
75	3	52	1	1	3	23	27	2	5	5	2	1	1	2	1.970000e+00	1.318300e+02	2084	1	2
75	3	53	1	1	4	52	31	5	2	5	1	1	2	1	3.880000e+00	1.357100e+02	6034	0	2
75	3	54	1	2	1	28	3	5	2	5	1	1	1	2	2.290000e+00	138	2705	1	1
75	3	55	1	2	2	30	3	4	2	2	2	1	2	1	4.060000e+00	1.420600e+02	2679	0	2
75	3	56	1	2	3	36	28	2	4	4	2	1	2	1	4.200000e+00	1.462600e+02	1137	0	1
75	3	57	1	2	4	13	39	3	2	3	1	1	1	2	2.280000e+00	1.485400e+02	2310	1	2
75	3	58	1	2	5	30	44	2	3	3	2	1	2	1	3.920000e+00	1.524600e+02	7792	0	2
75	3	59	1	2	6	28	54	5	3	3	2	1	2	1	4.040000e+00	1.565000e+02	4887	0	1
75	3	60	1	1	1	4	13	4	5	4	1	1	2	1	3.880000e+00	1.603800e+02	3768	0	2
75	3	61	1	1	2	5	30	5	2	2	2	1	1	2	1.990000e+00	1.623700e+02	1854	1	2
75	3	62	1	1	3	41	45	4	2	4	1	1	2	1	3.990000e+00	1.663600e+02	4215	0	2
75	3	63	1	1	4	4	28	3	2	3	1	1	2	1	4	1.703600e+02	2664	0	1
75	3	64	1	1	5	8	49	4	2	4	1	1	2	1	3.960000e+00	1.743200e+02	3072	0	1
75	3	65	1	1	6	29	37	3	2	3	1	1	2	1	4.130000e+00	1.784500e+02	5630	0	1
75	3	66	1	2	1	54	34	2	3	3	2	1	2	1	3.780000e+00	1.822300e+02	1887	0	2
75	3	67	1	2	2	9	43	3	5	3	1	1	1	2	2.200000e+00	1.844300e+02	3391	1	2
75	3	68	1	1	1	46	22	2	4	2	1	1	2	1	4.110000e+00	1.885400e+02	4784	0	1
75	3	69	1	1	2	41	1	3	2	3	1	1	2	1	4.090000e+00	1.926300e+02	5129	0	1
75	3	70	1	1	3	16	47	5	2	5	1	1	2	1	4.070000e+00	1.967000e+02	7198	0	1
75	3	71	1	1	4	31	29	3	4	3	1	1	2	1	4	2.007000e+02	7444	0	1
75	3	72	1	1	5	23	5	4	5	4	1	1	2	1	4.080000e+00	2.047800e+02	4417	0	1
75	3	73	1	2	1	21	44	2	4	2	1	1	1	2	2.270000e+00	2.070500e+02	2572	1	1
75	3	74	1	2	2	26	21	4	3	3	2	1	2	1	3.970000e+00	2.110200e+02	4226	0	2
75	3	75	1	2	3	50	53	4	3	3	2	1	2	1	3.960000e+00	2.149800e+02	1989	0	1
75	3	76	1	2	4	21	49	5	3	3	2	1	2	1	3.970000e+00	2.189500e+02	6308	0	1
75	3	77	1	2	5	26	3	5	2	2	2	1	2	1	3.830000e+00	2.227800e+02	2870	0	1
75	3	78	1	1	1	44	6	3	5	3	1	1	2	1	3.970000e+00	2.267500e+02	4199	0	2
75	3	79	1	2	1	45	28	2	3	3	2	1	2	1	4.010000e+00	2.307600e+02	1912	0	2
75	3	80	1	2	2	53	46	5	3	5	1	1	1	2	2.150000e+00	2.329100e+02	2199	1	2
75	3	81	1	2	3	54	5	5	4	4	2	1	2	1	4.170000e+00	2.370800e+02	2738	0	2
75	3	82	1	2	4	15	6	4	3	3	2	1	2	1	3.960000e+00	2.410400e+02	2862	0	1
75	3	83	1	1	1	39	19	4	2	4	1	1	2	1	4.070000e+00	2.451100e+02	4696	0	2
75	3	84	1	1	2	37	40	5	2	5	1	1	2	1	4.090000e+00	2.492000e+02	2207	0	1
75	3	1	2	2	1	13	8	2	5	5	2	1	2	1	4.110000e+00	2.533100e+02	2719	0	NaN
75	3	2	2	2	2	37	19	4	5	5	2	1	2	1	3.880000e+00	2.571900e+02	2264	0	1
75	3	3	2	2	3	27	40	4	3	3	2	1	2	1	4.020000e+00	2.612100e+02	5480	0	1
75	3	4	2	1	1	26	5	2	3	2	1	1	2	1	4.030000e+00	2.652400e+02	4921	0	2
75	3	5	2	1	2	20	38	2	4	2	1	1	2	1	3.880000e+00	2.691200e+02	3408	0	1
75	3	6	2	1	3	3	37	5	3	5	1	1	2	1	3.910000e+00	2.730300e+02	2681	0	1
75	3	7	2	1	4	6	36	4	5	5	2	1	1	2	2.510000e+00	2.755400e+02	2319	1	2
75	3	8	2	2	1	24	3	5	2	2	2	1	2	1	3.980000e+00	2.795200e+02	2460	0	1
75	3	9	2	2	2	14	43	3	4	4	2	1	2	1	4.050000e+00	2.835700e+02	3391	0	1
75	3	10	2	2	3	23	49	3	2	2	2	1	2	1	4.010000e+00	2.875800e+02	1559	0	1
75	3	11	2	2	4	17	11	3	2	2	2	1	2	1	3.930000e+00	2.915100e+02	1064	0	1
75	3	12	2	1	1	49	53	4	3	4	1	1	2	1	3.930000e+00	2.954400e+02	5572	0	2
75	3	13	2	1	2	32	13	5	4	5	1	1	2	1	4.050000e+00	2.994900e+02	5564	0	1
75	3	14	2	1	3	22	43	2	3	2	1	1	2	1	3.890000e+00	3.033800e+02	2615	0	1
75	3	15	2	1	4	27	41	5	4	5	1	1	2	1	4.090000e+00	3.074700e+02	5416	0	1
75	3	16	2	1	5	15	37	5	2	5	1	1	2	1	4.070000e+00	3.115400e+02	2150	0	1
75	3	17	2	2	1	13	26	3	4	4	2	1	2	1	3.900000e+00	3.154400e+02	3496	0	2
75	3	18	2	2	2	26	1	2	4	4	2	1	2	1	3.970000e+00	3.194100e+02	1839	0	1
75	3	19	2	2	3	35	37	5	2	2	2	1	2	1	3.860000e+00	3.232700e+02	1449	0	1
75	3	20	2	2	4	4	36	3	2	2	2	1	2	1	3.740000e+00	3.270100e+02	2919	0	1
75	3	21	2	2	5	13	42	2	5	5	2	1	2	1	4.120000e+00	3.311300e+02	4177	0	1
75	3	22	2	1	1	35	5	3	5	3	1	1	2	1	3.940000e+00	3.350700e+02	2250	0	2
75	3	23	2	2	1	50	38	3	4	4	2	1	2	1	4.040000e+00	3.391100e+02	3764	0	2
75	3	24	2	2	2	10	44	5	3	3	2	1	2	1	4.030000e+00	3.431400e+02	4503	0	1
75	3	25	2	2	3	29	44	2	5	5	2	1	2	1	4	3.471400e+02	4445	0	1
75	3	26	2	2	4	15	8	2	5	5	2	1	2	1	3.880000e+00	3.510200e+02	4110	0	1
75	3	27	2	2	5	26	15	2	4	4	2	1	2	1	3.890000e+00	3.549100e+02	2036	0	1
75	3	28	2	2	6	31	24	4	5	5	2	1	2	1	3.960000e+00	3.588700e+02	4000	0	1
75	3	29	2	1	1	17	10	5	4	5	1	1	2	1	3.860000e+00	3.627300e+02	1837	0	2
75	3	30	2	1	2	28	11	5	2	5	1	1	2	1	3.880000e+00	3.666100e+02	4416	0	1
75	3	31	2	1	3	41	27	4	3	4	1	1	2	1	4.170000e+00	3.707800e+02	3405	0	1
75	3	32	2	1	4	22	44	4	2	5	0	0	0	0	0	3.707800e+02	1424	NaN	NaN
75	3	33	2	1	5	41	35	2	5	2	1	1	2	1	4.010000e+00	3.747900e+02	2762	0	NaN
75	3	34	2	1	6	20	52	4	2	4	1	1	2	1	3.860000e+00	3.786500e+02	3188	0	1
75	3	35	2	2	1	1	47	4	3	3	2	1	2	1	4	3.826500e+02	5680	0	2
75	3	36	2	1	1	30	9	3	2	3	1	1	2	1	3.870000e+00	3.865200e+02	2112	0	2
75	3	37	2	1	2	26	52	3	5	3	1	1	2	1	3.840000e+00	3.903600e+02	4905	0	1
75	3	38	2	1	3	41	7	4	5	4	1	1	2	1	3.970000e+00	3.943300e+02	3961	0	1
75	3	39	2	2	1	50	29	5	3	3	2	1	2	1	4.110000e+00	3.984400e+02	1480	0	2
75	3	40	2	2	2	2	41	4	5	5	2	1	2	1	4.020000e+00	4.024600e+02	5129	0	1
75	3	41	2	1	1	8	29	2	3	2	1	1	2	1	4.080000e+00	4.065400e+02	5543	0	2
75	3	42	2	1	2	33	38	3	5	3	1	1	2	1	3.860000e+00	4.104000e+02	2343	0	1
75	3	43	2	2	1	53	14	2	4	4	2	1	2	1	3.950000e+00	4.143500e+02	2192	0	2
75	3	44	2	2	2	45	15	3	2	2	2	1	2	1	3.970000e+00	4.183200e+02	6167	0	1
75	3	45	2	2	3	3	25	5	3	3	2	1	2	1	3.860000e+00	4.221800e+02	5632	0	1
75	3	46	2	1	1	6	4	2	4	2	1	1	2	1	3.840000e+00	4.260200e+02	10664	0	2
75	3	47	2	2	1	28	1	2	4	4	2	1	2	1	4.110000e+00	4.301300e+02	8679	0	2
75	3	48	2	1	1	50	23	4	2	4	1	1	2	1	4	4.341300e+02	10030	0	2
75	3	49	2	1	2	46	5	3	2	3	1	1	2	1	3.920000e+00	4.380500e+02	9040	0	1
75	3	50	2	1	3	5	6	3	5	3	1	1	2	1	4.090000e+00	4.421400e+02	7516	0	1
75	3	51	2	1	4	40	20	4	3	4	1	1	2	1	4.030000e+00	4.461700e+02	10006	0	1
75	3	52	2	1	5	7	36	5	3	5	1	1	2	1	3.880000e+00	4.500500e+02	3262	0	1
75	3	53	2	1	6	32	29	4	5	4	1	1	2	1	4.160000e+00	4.542100e+02	1694	0	1
75	3	54	2	2	1	19	16	5	3	3	2	1	2	1	4.030000e+00	4.582400e+02	4599	0	2
75	3	55	2	2	2	18	8	5	2	2	2	1	2	1	4.170000e+00	4.624100e+02	4630	0	1
75	3	56	2	1	1	41	17	2	3	2	1	1	2	1	4.130000e+00	4.665400e+02	5225	0	2
75	3	57	2	1	2	47	13	3	4	3	1	1	2	1	3.920000e+00	4.704600e+02	6610	0	1
75	3	58	2	2	1	7	47	5	3	3	2	1	2	1	3.850000e+00	4.743100e+02	6096	0	2
75	3	59	2	2	2	22	32	4	2	2	2	1	2	1	3.990000e+00	4.783000e+02	1710	0	1
75	3	60	2	2	3	5	16	3	5	5	2	1	2	1	3.960000e+00	4.822600e+02	4912	0	1
75	3	61	2	2	4	4	21	3	4	4	2	1	2	1	3.900000e+00	4.861600e+02	3392	0	1
75	3	62	2	2	5	33	8	2	3	3	2	1	2	1	4.060000e+00	4.902200e+02	10288	0	1
75	3	63	2	2	6	6	24	3	2	2	2	1	2	1	4.180000e+00	4.944000e+02	5801	0	1
75	3	64	2	1	1	44	16	4	3	4	1	1	2	1	3.940000e+00	4.983400e+02	4749	0	2
75	3	65	2	1	2	45	22	3	5	3	1	1	2	1	3.900000e+00	5.022400e+02	4951	0	1
75	3	66	2	1	3	24	53	2	5	2	1	1	2	1	3.970000e+00	5.062100e+02	5986	0	1
75	3	67	2	1	4	35	25	3	4	3	1	1	2	1	4.080000e+00	5.102900e+02	7038	0	1
75	3	68	2	2	1	7	47	5	2	2	2	1	2	1	3.900000e+00	5.141900e+02	4816	0	2
75	3	69	2	2	2	43	23	4	2	2	2	1	2	1	3.860000e+00	5.180500e+02	3932	0	1
75	3	70	2	2	3	32	10	5	4	4	2	1	2	1	3.990000e+00	5.220400e+02	4942	0	1
75	3	71	2	2	4	50	16	4	3	3	2	1	2	1	3.990000e+00	5.260300e+02	3346	0	1
75	3	72	2	1	1	42	51	5	4	5	1	1	2	1	4.060000e+00	5.300900e+02	4334	0	2
75	3	73	2	1	2	7	39	4	5	4	1	1	2	1	3.930000e+00	5.340200e+02	5505	0	1
75	3	74	2	1	3	5	35	4	2	4	1	1	2	1	3.980000e+00	5.380000e+02	3865	0	1
75	3	75	2	2	1	26	23	5	4	4	2	1	2	1	3.950000e+00	5.419500e+02	10801	0	2
75	3	76	2	2	2	39	19	3	4	4	2	1	2	1	3.990000e+00	5.459400e+02	3934	0	1
75	3	77	2	2	3	52	48	5	4	4	2	1	2	1	4.180000e+00	5.501200e+02	4968	0	1
75	3	78	2	2	4	8	49	2	5	5	2	1	2	1	3.930000e+00	5.540500e+02	5536	0	1
75	3	79	2	2	5	40	33	4	2	2	2	1	2	1	3.840000e+00	5.578900e+02	1718	0	1
75	3	80	2	1	1	22	41	2	3	3	2	1	1	2	2.220000e+00	5.601100e+02	4617	1	1
75	3	81	2	1	2	1	19	2	3	2	1	1	2	1	3.890000e+00	5.640000e+02	2728	0	2
75	3	82	2	1	3	4	30	3	5	3	1	1	2	1	4	5.680000e+02	3975	0	1
75	3	83	2	1	4	39	9	5	2	5	1	1	2	1	3.930000e+00	5.719300e+02	11039	0	1
75	3	84	2	1	5	33	20	2	4	2	1	1	2	1	4.060000e+00	5.759900e+02	9437	0	1
75	3	1	3	2	1	37	38	2	4	4	2	1	2	1	4.070000e+00	5.800600e+02	3014	0	NaN
75	3	2	3	1	1	25	45	5	4	5	1	1	2	1	3.980000e+00	5.840400e+02	5375	0	2
75	3	3	3	1	2	2	37	3	2	3	1	1	2	1	3.760000e+00	5.878000e+02	4838	0	1
75	3	4	3	1	3	29	42	5	2	5	1	1	2	1	4.020000e+00	5.918200e+02	3199	0	1
75	3	5	3	1	4	36	16	4	5	4	1	1	2	1	4.190000e+00	5.960100e+02	2942	0	1
75	3	6	3	1	5	36	3	4	3	4	1	1	2	1	4.120000e+00	6.001300e+02	11240	0	1
75	3	7	3	1	6	28	31	4	2	4	1	1	2	1	3.810000e+00	6.039400e+02	1687	0	1
75	3	8	3	2	1	54	15	2	4	2	1	1	1	2	1.960000e+00	6.059000e+02	4975	1	1
75	3	9	3	2	2	10	2	3	5	5	2	1	2	1	3.920000e+00	6.098200e+02	7073	0	2
75	3	10	3	2	3	52	27	2	5	5	2	1	2	1	3.880000e+00	6.137000e+02	5518	0	1
75	3	11	3	2	4	31	7	5	3	3	2	1	2	1	3.850000e+00	6.175500e+02	3800	0	1
75	3	12	3	2	5	4	25	3	5	5	2	1	2	1	4.030000e+00	6.215800e+02	3887	0	1
75	3	13	3	1	1	13	14	4	2	4	1	1	2	1	3.950000e+00	6.255300e+02	1872	0	2
75	3	14	3	1	2	30	51	3	4	3	1	1	2	1	4.010000e+00	6.295400e+02	2871	0	1
75	3	15	3	1	3	17	51	5	2	5	1	1	2	1	3.960000e+00	6.335000e+02	3936	0	1
75	3	16	3	1	4	54	51	3	2	3	1	1	2	1	3.950000e+00	6.374500e+02	2456	0	1
75	3	17	3	2	1	10	53	3	5	5	2	1	2	1	4.040000e+00	6.414900e+02	6304	0	2
75	3	18	3	2	2	8	42	3	5	5	2	1	2	1	4.090000e+00	6.455800e+02	4153	0	1
75	3	19	3	2	3	35	50	4	3	3	2	1	2	1	4.250000e+00	6.498300e+02	6904	0	1
75	3	20	3	2	4	52	26	3	5	5	2	1	2	1	3.840000e+00	6.536700e+02	6383	0	1
75	3	21	3	2	5	51	37	5	3	3	2	1	2	1	3.880000e+00	6.575500e+02	2784	0	1
75	3	22	3	2	6	31	37	4	2	2	2	1	2	1	4.120000e+00	6.616700e+02	2447	0	1
75	3	23	3	1	1	26	10	3	2	3	1	1	2	1	3.950000e+00	6.656200e+02	5081	0	2
75	3	24	3	1	2	40	21	5	2	5	1	1	2	1	3.840000e+00	6.694600e+02	11848	0	1
75	3	25	3	1	3	7	19	2	5	2	1	1	2	1	4.040000e+00	6.735000e+02	3629	0	1
75	3	26	3	1	4	48	23	2	3	2	1	1	2	1	4.180000e+00	6.776800e+02	6887	0	1
75	3	27	3	1	5	35	16	5	3	5	1	1	2	1	4.080000e+00	6.817600e+02	2359	0	1
75	3	28	3	2	1	52	5	4	5	5	2	1	2	1	4.230000e+00	6.859900e+02	9802	0	2
75	3	29	3	2	2	41	46	3	2	2	2	1	2	1	4.060000e+00	6.900500e+02	4008	0	1
75	3	30	3	2	3	38	46	3	4	4	2	1	2	1	4.220000e+00	6.942700e+02	7864	0	1
75	3	31	3	1	1	7	20	4	2	4	1	1	2	1	3.960000e+00	6.982300e+02	4972	0	2
75	3	32	3	1	2	22	32	3	5	3	1	1	2	1	3.870000e+00	7.021000e+02	5249	0	1
75	3	33	3	2	1	29	16	5	2	2	2	1	2	1	3.980000e+00	7.060800e+02	2022	0	2
75	3	34	3	2	2	40	11	4	2	2	2	1	2	1	4.140000e+00	7.102200e+02	5439	0	1
75	3	35	3	1	1	41	51	4	3	4	1	1	2	1	3.870000e+00	7.140900e+02	10855	0	2
75	3	36	3	1	2	49	54	4	2	4	1	1	2	1	4.070000e+00	7.181600e+02	6844	0	1
75	3	37	3	1	3	46	50	5	4	5	1	1	2	1	3.930000e+00	7.220900e+02	5430	0	1
75	3	38	3	2	1	29	44	5	3	3	2	1	2	1	4.060000e+00	7.261500e+02	5151	0	2
75	3	39	3	2	2	43	39	5	3	3	2	1	2	1	3.870000e+00	7.300200e+02	4463	0	1
75	3	40	3	2	3	6	3	5	2	2	2	1	2	1	4.010000e+00	7.340300e+02	2713	0	1
75	3	41	3	2	4	10	25	2	4	4	2	1	2	1	3.760000e+00	7.377900e+02	3655	0	1
75	3	42	3	1	1	3	1	2	4	2	1	1	2	1	3.940000e+00	7.417300e+02	2808	0	2
75	3	43	3	2	1	42	34	3	4	4	2	1	2	1	4.050000e+00	7.457800e+02	2855	0	2
75	3	44	3	1	1	50	53	4	2	2	2	1	1	2	1.850000e+00	7.476300e+02	1375	1	1
75	3	45	3	2	1	42	24	5	3	3	2	1	2	1	4.150000e+00	7.517800e+02	4393	0	1
75	3	46	3	2	2	35	29	4	3	3	2	1	2	1	3.930000e+00	7.557100e+02	1892	0	1
75	3	47	3	2	3	7	51	2	4	4	2	1	2	1	3.730000e+00	7.594400e+02	5565	0	1
75	3	48	3	2	4	22	3	5	4	4	2	1	2	1	3.850000e+00	7.632900e+02	2761	0	1
75	3	49	3	2	5	41	48	3	4	4	2	1	2	1	4.120000e+00	7.674100e+02	4303	0	1
75	3	50	3	2	6	24	4	2	4	4	2	1	2	1	3.990000e+00	7.714000e+02	2983	0	1
75	3	51	3	1	1	22	26	5	2	5	1	1	2	1	4.040000e+00	7.754400e+02	4943	0	2
75	3	52	3	1	2	8	16	3	4	3	1	1	2	1	4.110000e+00	7.795500e+02	6935	0	1
75	3	53	3	2	1	38	18	3	5	5	2	1	2	1	3.750000e+00	7.833000e+02	2888	0	2
75	3	54	3	2	2	50	6	3	2	2	2	1	2	1	3.920000e+00	7.872200e+02	5895	0	1
75	3	55	3	1	1	16	44	4	5	4	1	1	2	1	3.920000e+00	7.911400e+02	2700	0	2
75	3	56	3	1	2	4	3	5	4	4	2	1	1	2	1.520000e+00	7.926600e+02	3225	1	2
75	3	57	3	1	3	22	30	4	5	4	1	1	2	1	3.980000e+00	7.966400e+02	7001	0	2
75	3	58	3	1	4	43	15	5	4	5	1	1	2	1	4.180000e+00	8.008200e+02	4545	0	1
75	3	59	3	2	1	51	1	2	3	3	2	1	2	1	4	8.048200e+02	1433	0	2
75	3	60	3	2	2	12	23	5	4	3	0	0	0	0	0	8.048200e+02	6288	NaN	NaN
75	3	61	3	2	3	33	16	5	2	2	2	1	2	1	4.140000e+00	8.089600e+02	4260	0	NaN
75	3	62	3	2	4	21	49	3	2	2	2	1	2	1	3.920000e+00	8.128800e+02	4177	0	1
75	3	63	3	1	1	25	7	2	4	2	1	1	2	1	4	8.168800e+02	4857	0	2
75	3	64	3	1	2	12	31	5	3	5	1	1	2	1	3.910000e+00	8.207900e+02	2071	0	1
75	3	65	3	1	3	48	4	4	5	4	1	1	2	1	4.070000e+00	8.248600e+02	5326	0	1
75	3	66	3	1	4	45	15	4	3	4	1	1	2	1	3.970000e+00	8.288300e+02	5423	0	1
75	3	67	3	1	5	15	32	3	2	3	1	1	2	1	4.060000e+00	8.328900e+02	7303	0	1
75	3	68	3	1	6	29	24	2	3	2	1	1	2	1	4.080000e+00	8.369700e+02	1431	0	1
75	3	69	3	2	1	15	18	2	5	5	2	1	2	1	3.990000e+00	8.409600e+02	2822	0	2
75	3	70	3	2	2	7	53	3	4	4	2	1	2	1	4.100000e+00	8.450600e+02	2736	0	1
75	3	71	3	2	3	43	23	2	5	5	2	1	2	1	4.270000e+00	8.493300e+02	3694	0	1
75	3	72	3	1	1	8	2	3	4	3	1	1	2	1	4.060000e+00	8.533900e+02	5264	0	2
75	3	73	3	1	2	38	16	2	5	2	1	1	2	1	4	8.573900e+02	4208	0	1
75	3	74	3	1	3	44	27	4	5	4	1	1	2	1	4.110000e+00	8.615000e+02	4752	0	1
75	3	75	3	1	4	28	5	4	3	4	1	1	2	1	4.010000e+00	8.655100e+02	1759	0	1
75	3	76	3	1	5	14	3	5	4	5	1	1	2	1	3.870000e+00	8.693800e+02	2669	0	1
75	3	77	3	2	1	38	22	2	3	3	2	1	2	1	4.060000e+00	8.734400e+02	4416	0	2
75	3	78	3	2	2	12	36	4	5	5	2	1	2	1	4	8.774400e+02	2560	0	1
75	3	79	3	2	3	38	29	2	3	3	2	1	2	1	3.970000e+00	8.814100e+02	1007	0	1
75	3	80	3	2	4	49	17	2	3	3	2	1	2	1	4.150000e+00	8.855600e+02	2989	0	1
75	3	81	3	2	5	25	20	4	3	3	2	1	2	1	4.220000e+00	8.897800e+02	2965	0	1
75	3	82	3	1	1	5	4	2	5	2	1	1	2	1	3.940000e+00	8.937200e+02	4872	0	2
75	3	83	3	1	2	44	10	2	3	2	1	1	2	1	4.010000e+00	8.977300e+02	6153	0	1
75	3	84	3	1	3	19	11	2	5	2	1	1	2	1	3.900000e+00	9.016300e+02	5262	0	1
