LEDISAS2	Code = 98	
SubNo	Group(1=OHRHV,SLRLV; 2=OHRLV,SLRHV; 3=OLRHV,SHRLV, 4 = OLRLV,SHRHV)	Block_trial	Block	VarDist_cond	Run_number	Targ1_position	Targ2_position	Red_targ_digit	Blue_targ_digit	Response	Targ_Choice	Acc	RewardOutcome(0=inaccurate;1=lowReward;2=highReward)	VarianceOutcome(0=inaccurate; 1=lowVariance; 2=highVariance)	OutcomeValue	Points	RT	Optimal_Choice	Repeat_Switch
98	2	1	0	1	1	13	39	3	2	3	1	1	NaN	NaN	0	0	4198	0	NaN
98	2	2	0	2	1	44	17	2	4	5	0	0	NaN	NaN	0	0	2689	NaN	NaN
98	2	3	0	2	2	18	53	3	2	3	1	1	NaN	NaN	0	0	3569	1	NaN
98	2	4	0	1	1	13	5	3	2	3	1	1	NaN	NaN	0	0	2263	0	1
98	2	5	0	1	2	50	2	3	4	4	2	1	NaN	NaN	0	0	2883	1	2
98	2	6	0	1	3	54	4	3	2	3	1	1	NaN	NaN	0	0	2428	0	2
98	2	7	0	1	4	51	1	2	3	3	2	1	NaN	NaN	0	0	3737	1	2
98	2	8	0	2	1	16	2	4	5	4	1	1	NaN	NaN	0	0	1624	1	2
98	2	9	0	2	2	33	23	5	3	3	2	1	NaN	NaN	0	0	2253	0	2
98	2	10	0	2	3	15	47	5	3	3	2	1	NaN	NaN	0	0	1784	0	1
98	2	1	1	1	1	4	17	3	4	4	2	1	2	1	3.950000e+00	3.950000e+00	3388	1	NaN
98	2	2	1	2	1	34	13	5	4	4	2	1	1	2	1.220000e+00	5.170000e+00	2023	0	1
98	2	3	1	2	2	47	50	4	3	4	1	1	2	1	4.010000e+00	9.180000e+00	7748	1	2
98	2	4	1	1	1	26	11	3	5	3	1	1	1	2	2.140000e+00	1.132000e+01	4971	0	1
98	2	5	1	1	2	54	26	2	5	5	2	1	2	1	3.860000e+00	1.518000e+01	6946	1	2
98	2	6	1	1	3	47	9	2	4	4	2	1	2	1	4.140000e+00	1.932000e+01	4913	1	1
98	2	7	1	1	4	46	29	2	4	4	2	1	2	1	4.140000e+00	2.346000e+01	2594	1	1
98	2	8	1	2	1	16	49	2	4	4	2	1	1	2	1.980000e+00	2.544000e+01	2727	0	1
98	2	9	1	2	2	29	19	3	2	3	1	1	2	1	4.040000e+00	2.948000e+01	1912	1	2
98	2	10	1	2	3	23	46	3	2	3	1	1	2	1	4.020000e+00	3.350000e+01	5472	1	1
98	2	11	1	2	4	37	45	2	3	2	1	1	2	1	3.980000e+00	3.748000e+01	6244	1	1
98	2	12	1	2	5	2	7	5	4	4	2	1	1	2	2.340000e+00	3.982000e+01	3119	0	2
98	2	13	1	1	1	11	2	3	5	3	1	1	1	2	1.720000e+00	4.154000e+01	3912	0	2
98	2	14	1	1	2	13	35	3	5	5	2	1	2	1	4.260000e+00	4.580000e+01	1768	1	2
98	2	15	1	2	1	39	40	4	3	3	2	1	1	2	1.940000e+00	4.774000e+01	3431	0	1
98	2	16	1	2	2	27	15	4	5	4	1	1	2	1	4.010000e+00	5.175000e+01	2395	1	2
98	2	17	1	2	3	16	26	5	2	5	1	1	2	1	4.130000e+00	5.588000e+01	2073	1	1
98	2	18	1	2	4	19	34	5	2	2	2	1	1	2	2.030000e+00	5.791000e+01	1355	0	2
98	2	19	1	2	5	7	35	4	3	3	2	1	1	2	1.950000e+00	5.986000e+01	1267	0	1
98	2	20	1	2	6	28	45	4	2	2	2	1	1	2	1.610000e+00	6.147000e+01	4045	0	1
98	2	21	1	1	1	39	23	4	2	4	1	1	1	2	2.140000e+00	6.361000e+01	3096	0	2
98	2	22	1	1	2	18	17	4	2	4	1	1	1	2	1.370000e+00	6.498000e+01	1002	0	1
98	2	23	1	1	3	22	50	4	5	4	1	1	1	2	2.340000e+00	6.732000e+01	6167	0	1
98	2	24	1	2	1	39	41	2	4	4	2	1	1	2	2.770000e+00	7.009000e+01	3878	0	2
98	2	25	1	2	2	11	34	4	2	5	0	0	0	0	0	7.009000e+01	2073	NaN	NaN
98	2	26	1	2	3	41	42	2	3	3	2	1	1	2	1.670000e+00	7.176000e+01	6866	0	NaN
98	2	27	1	1	1	8	25	4	5	5	2	1	2	1	4.100000e+00	7.586000e+01	10316	1	1
98	2	28	1	1	2	12	37	5	3	3	2	1	2	1	4.150000e+00	8.001000e+01	2268	1	1
98	2	29	1	1	3	50	11	4	3	3	2	1	2	1	3.810000e+00	8.382000e+01	1662	1	1
98	2	30	1	1	4	8	22	5	3	3	2	1	2	1	3.830000e+00	8.765000e+01	17578	1	1
98	2	31	1	1	5	54	13	3	4	4	2	1	2	1	4.070000e+00	9.172000e+01	1776	1	1
98	2	32	1	1	6	48	40	4	2	4	1	1	1	2	1.810000e+00	9.353000e+01	4014	0	2
98	2	33	1	2	1	18	8	4	3	4	1	1	2	1	4.080000e+00	9.761000e+01	2345	1	1
98	2	34	1	1	1	32	5	3	2	3	1	1	1	2	2.380000e+00	9.999000e+01	1912	0	1
98	2	35	1	1	2	22	3	2	3	2	1	1	1	2	2.340000e+00	1.023300e+02	10105	0	1
98	2	36	1	1	3	14	53	3	4	4	2	1	2	1	4.150000e+00	1.064800e+02	2187	1	2
98	2	37	1	1	4	6	4	4	3	4	1	1	1	2	2.320000e+00	1.088000e+02	5824	0	2
98	2	38	1	1	5	48	39	5	4	5	1	1	1	2	2.560000e+00	1.113600e+02	4237	0	1
98	2	39	1	2	1	11	16	4	2	4	1	1	2	1	3.860000e+00	1.152200e+02	1985	1	1
98	2	40	1	2	2	1	8	5	4	5	1	1	2	1	4	1.192200e+02	943	1	1
98	2	41	1	2	3	35	41	5	2	5	1	1	2	1	3.980000e+00	1.232000e+02	6327	1	1
98	2	42	1	2	4	18	7	3	4	3	1	1	2	1	3.810000e+00	1.270100e+02	2464	1	1
98	2	43	1	1	1	14	32	5	2	5	1	1	1	2	2.120000e+00	1.291300e+02	762	0	1
98	2	44	1	2	1	25	30	2	4	2	1	1	2	1	3.880000e+00	1.330100e+02	2338	1	1
98	2	45	1	2	2	44	11	2	5	5	2	1	1	2	2.670000e+00	1.356800e+02	2034	0	2
98	2	46	1	1	1	43	33	2	4	4	2	1	2	1	3.910000e+00	1.395900e+02	7126	1	1
98	2	47	1	1	2	30	41	2	4	2	1	1	1	2	2.250000e+00	1.418400e+02	2470	0	2
98	2	48	1	2	1	22	15	5	3	5	1	1	2	1	4.030000e+00	1.458700e+02	1801	1	1
98	2	49	1	2	2	17	51	2	5	2	1	1	2	1	3.890000e+00	1.497600e+02	1399	1	1
98	2	50	1	2	3	48	17	4	5	3	0	0	0	0	0	1.497600e+02	1756	NaN	NaN
98	2	51	1	1	1	26	12	4	3	4	1	1	1	2	9.800000e-01	1.507400e+02	3576	0	NaN
98	2	52	1	1	2	19	36	3	2	3	1	1	1	2	1.970000e+00	1.527100e+02	3183	0	1
98	2	53	1	1	3	1	15	2	5	2	1	1	1	2	1.520000e+00	1.542300e+02	2005	0	1
98	2	54	1	2	1	35	33	3	4	3	1	1	2	1	4.070000e+00	1.583000e+02	1267	1	1
98	2	55	1	2	2	30	47	5	3	5	1	1	2	1	4.060000e+00	1.623600e+02	2252	1	1
98	2	56	1	2	3	43	18	3	2	2	2	1	1	2	2.800000e+00	1.651600e+02	4648	0	2
98	2	57	1	2	4	44	54	5	4	4	2	1	1	2	2.280000e+00	1.674400e+02	5250	0	1
98	2	58	1	2	5	32	42	4	5	4	1	1	2	1	3.920000e+00	1.713600e+02	8046	1	2
98	2	59	1	2	6	47	49	3	5	5	2	1	1	2	2.180000e+00	1.735400e+02	7890	0	2
98	2	60	1	1	1	46	6	4	5	4	1	1	1	2	1.520000e+00	1.750600e+02	2812	0	2
98	2	61	1	1	2	11	5	2	3	2	1	1	1	2	1.990000e+00	1.770500e+02	4009	0	1
98	2	62	1	1	3	23	22	5	3	3	2	1	2	1	3.990000e+00	1.810400e+02	8894	1	2
98	2	63	1	1	4	15	32	2	5	2	1	1	1	2	2	1.830400e+02	2456	0	2
98	2	64	1	1	5	38	11	3	5	5	2	1	2	1	3.960000e+00	187	6212	1	2
98	2	65	1	2	1	11	2	2	3	2	1	1	2	1	4.130000e+00	1.911300e+02	7225	1	2
98	2	66	1	2	2	36	48	3	2	2	2	1	1	2	1.120000e+00	1.922500e+02	10566	0	2
98	2	67	1	2	3	40	41	3	5	3	1	1	2	1	4.050000e+00	1.963000e+02	5644	1	2
98	2	68	1	2	4	15	52	3	4	4	2	1	1	2	2.420000e+00	1.987200e+02	2008	0	2
98	2	69	1	1	1	4	10	5	2	2	2	1	2	1	4.090000e+00	2.028100e+02	6373	1	1
98	2	70	1	1	2	36	49	5	4	4	2	1	2	1	4.070000e+00	2.068800e+02	4597	1	1
98	2	71	1	1	3	35	12	5	3	3	2	1	2	1	4	2.108800e+02	2081	1	1
98	2	72	1	1	4	18	44	2	5	5	2	1	2	1	4.080000e+00	2.149600e+02	7099	1	1
98	2	73	1	2	1	15	4	5	3	3	2	1	1	2	2.270000e+00	2.172300e+02	1485	0	1
98	2	74	1	2	2	49	1	2	5	5	2	1	1	2	1.880000e+00	2.191100e+02	1279	0	1
98	2	75	1	2	3	25	26	2	3	2	1	1	2	1	3.960000e+00	2.230700e+02	5786	1	2
98	2	76	1	2	4	49	10	3	5	5	2	1	1	2	1.860000e+00	2.249300e+02	1584	0	2
98	2	77	1	2	5	5	30	5	2	2	2	1	1	2	1.300000e+00	2.262300e+02	1318	0	1
98	2	78	1	1	1	19	46	3	2	2	2	1	2	1	3.970000e+00	2.302000e+02	5319	1	1
98	2	79	1	1	2	52	53	3	4	4	2	1	2	1	4.010000e+00	2.342100e+02	2535	1	1
98	2	80	1	1	3	40	28	4	2	2	2	1	2	1	4.040000e+00	2.382500e+02	1223	1	1
98	2	81	1	1	4	7	30	2	3	3	2	1	2	1	4.170000e+00	2.424200e+02	1339	1	1
98	2	82	1	1	5	22	51	4	5	5	2	1	2	1	3.960000e+00	2.463800e+02	1475	1	1
98	2	83	1	1	6	15	5	5	4	5	1	1	1	2	2.290000e+00	2.486700e+02	5101	0	2
98	2	84	1	2	1	21	34	5	2	2	2	1	1	2	2.380000e+00	2.510500e+02	1831	0	2
98	2	1	2	2	1	39	14	3	2	2	2	1	1	2	2.440000e+00	2.534900e+02	4399	0	NaN
98	2	2	2	2	2	23	52	3	5	5	2	1	1	2	1.530000e+00	2.550200e+02	2573	0	1
98	2	3	2	2	3	48	33	2	4	4	2	1	1	2	2.100000e+00	2.571200e+02	4803	0	1
98	2	4	2	2	4	23	19	2	5	2	1	1	2	1	4.030000e+00	2.611500e+02	6272	1	2
98	2	5	2	2	5	31	1	2	3	3	2	1	1	2	1.530000e+00	2.626800e+02	1114	0	2
98	2	6	2	1	1	29	15	5	2	2	2	1	2	1	3.910000e+00	2.665900e+02	1187	1	1
98	2	7	2	1	2	14	53	4	3	3	2	1	2	1	4.130000e+00	2.707200e+02	5409	1	1
98	2	8	2	1	3	15	45	3	4	4	2	1	2	1	3.980000e+00	2.747000e+02	5207	1	1
98	2	9	2	1	4	49	34	5	3	5	1	1	1	2	2.180000e+00	2.768800e+02	5492	0	2
98	2	10	2	1	5	10	19	5	3	5	1	1	1	2	2.040000e+00	2.789200e+02	1686	0	1
98	2	11	2	1	6	18	22	3	2	2	2	1	2	1	3.930000e+00	2.828500e+02	6416	1	2
98	2	12	2	2	1	46	16	5	4	5	1	1	2	1	3.930000e+00	2.867800e+02	1492	1	2
98	2	13	2	2	2	29	6	5	4	4	2	1	1	2	2.210000e+00	2.889900e+02	3606	0	2
98	2	14	2	2	3	17	20	5	4	5	1	1	2	1	3.890000e+00	2.928800e+02	1861	1	2
98	2	15	2	2	4	49	5	4	2	2	2	1	1	2	2.370000e+00	2.952500e+02	3880	0	2
98	2	16	2	2	5	46	52	3	2	2	2	1	1	2	2.270000e+00	2.975200e+02	3089	0	1
98	2	17	2	2	6	33	26	5	3	3	2	1	1	2	1.610000e+00	2.991300e+02	1819	0	1
98	2	18	2	1	1	20	33	3	5	5	2	1	2	1	3.970000e+00	3.031000e+02	3048	1	1
98	2	19	2	1	2	50	6	3	2	3	1	1	1	2	1.440000e+00	3.045400e+02	3571	0	2
98	2	20	2	1	3	20	15	2	4	2	1	1	1	2	9.600000e-01	3.055000e+02	2394	0	1
98	2	21	2	2	1	51	3	5	4	4	2	1	1	2	2.460000e+00	3.079600e+02	2304	0	2
98	2	22	2	2	2	46	10	4	5	5	2	1	1	2	1.760000e+00	3.097200e+02	3225	0	1
98	2	23	2	2	3	40	18	2	5	5	2	1	1	2	2.150000e+00	3.118700e+02	3382	0	1
98	2	24	2	2	4	42	22	2	4	2	1	1	2	1	4.030000e+00	3.159000e+02	5004	1	2
98	2	25	2	1	1	45	9	5	4	4	2	1	2	1	4	3.199000e+02	5473	1	2
98	2	26	2	2	1	13	47	5	2	5	1	1	2	1	3.880000e+00	3.237800e+02	1268	1	2
98	2	27	2	1	1	37	34	4	5	5	2	1	2	1	3.890000e+00	3.276700e+02	2190	1	2
98	2	28	2	1	2	10	6	3	4	3	1	1	1	2	1.820000e+00	3.294900e+02	1917	0	2
98	2	29	2	1	3	8	15	3	4	4	2	1	2	1	3.860000e+00	3.333500e+02	1885	1	2
98	2	30	2	1	4	45	54	4	2	4	1	1	1	2	1.500000e+00	3.348500e+02	5359	0	2
98	2	31	2	2	1	32	41	3	2	3	1	1	2	1	4.170000e+00	3.390200e+02	1798	1	1
98	2	32	2	2	2	6	33	2	4	2	1	1	2	1	4.010000e+00	3.430300e+02	3659	1	1
98	2	33	2	1	1	47	42	3	2	2	2	1	2	1	3.860000e+00	3.468900e+02	3951	1	2
98	2	34	2	1	2	12	33	5	4	5	1	1	1	2	1.980000e+00	3.488700e+02	1582	0	2
98	2	35	2	1	3	52	44	5	2	5	1	1	1	2	1.470000e+00	3.503400e+02	3412	0	1
98	2	36	2	1	4	5	20	4	3	3	2	1	2	1	3.840000e+00	3.541800e+02	2730	1	2
98	2	37	2	1	5	12	40	4	2	4	1	1	1	2	1.880000e+00	3.560600e+02	1034	0	2
98	2	38	2	2	1	1	50	3	2	3	1	1	2	1	4.110000e+00	3.601700e+02	1206	1	1
98	2	39	2	2	2	45	32	5	3	5	1	1	2	1	4.020000e+00	3.641900e+02	6043	1	1
98	2	40	2	2	3	44	10	2	5	5	2	1	1	2	2.310000e+00	3.665000e+02	1207	0	2
98	2	41	2	1	1	50	10	3	5	3	1	1	1	2	1.450000e+00	3.679500e+02	7901	0	2
98	2	42	2	1	2	25	40	2	3	2	1	1	1	2	1.780000e+00	3.697300e+02	5182	0	1
98	2	43	2	2	1	14	45	3	5	3	1	1	2	1	3.970000e+00	3.737000e+02	2019	1	1
98	2	44	2	2	2	27	24	5	2	5	1	1	2	1	3.860000e+00	3.775600e+02	3385	1	1
98	2	45	2	2	3	26	49	4	5	3	0	0	0	0	0	3.775600e+02	2062	NaN	NaN
98	2	46	2	2	4	24	2	5	2	2	2	1	1	2	1.380000e+00	3.789400e+02	4956	0	NaN
98	2	47	2	1	1	16	10	2	4	2	1	1	1	2	2.440000e+00	3.813800e+02	1084	0	2
98	2	48	2	1	2	18	6	3	4	2	0	0	0	0	0	3.813800e+02	3758	NaN	NaN
98	2	49	2	1	3	17	9	4	2	2	2	1	2	1	4	3.853800e+02	1429	1	NaN
98	2	50	2	1	4	29	27	3	5	3	1	1	1	2	1.700000e+00	3.870800e+02	2153	0	2
98	2	51	2	2	1	18	19	5	2	5	1	1	2	1	4.090000e+00	3.911700e+02	3905	1	1
98	2	52	2	2	2	53	38	4	5	5	2	1	1	2	2.110000e+00	3.932800e+02	3826	0	2
98	2	53	2	1	1	42	7	4	3	4	1	1	1	2	1.530000e+00	3.948100e+02	4255	0	2
98	2	54	2	1	2	35	13	4	5	4	1	1	1	2	2.630000e+00	3.974400e+02	2242	0	1
98	2	55	2	1	3	32	11	2	3	2	1	1	1	2	2.140000e+00	3.995800e+02	4982	0	1
98	2	56	2	2	1	49	27	3	4	4	2	1	1	2	2.700000e+00	4.022800e+02	3964	0	2
98	2	57	2	1	1	9	2	2	3	2	1	1	1	2	2.540000e+00	4.048200e+02	2315	0	2
98	2	58	2	2	1	18	23	4	3	4	1	1	2	1	3.920000e+00	4.087400e+02	1812	1	1
98	2	59	2	2	2	12	29	4	3	3	2	1	1	2	1.390000e+00	4.101300e+02	3081	0	2
98	2	60	2	2	3	24	32	3	4	4	2	1	1	2	1.970000e+00	4.121000e+02	4859	0	1
98	2	61	2	2	4	44	51	4	3	4	1	1	2	1	3.960000e+00	4.160600e+02	7142	1	2
98	2	62	2	2	5	5	25	3	5	5	2	1	1	2	1.600000e+00	4.176600e+02	5406	0	2
98	2	63	2	1	1	9	39	5	2	5	1	1	1	2	2.230000e+00	4.198900e+02	1259	0	2
98	2	64	2	1	2	18	40	2	3	2	1	1	1	2	2.700000e+00	4.225900e+02	7214	0	1
98	2	65	2	2	1	21	54	2	5	2	1	1	2	1	3.940000e+00	4.265300e+02	3771	1	1
98	2	66	2	2	2	41	36	4	5	4	1	1	2	1	3.900000e+00	4.304300e+02	4234	1	1
98	2	67	2	2	3	6	20	4	2	4	1	1	2	1	3.970000e+00	4.344000e+02	3838	1	1
98	2	68	2	2	4	29	36	2	4	2	1	1	2	1	4.080000e+00	4.384800e+02	1754	1	1
98	2	69	2	2	5	35	26	5	3	5	1	1	2	1	3.900000e+00	4.423800e+02	6601	1	1
98	2	70	2	2	6	2	16	3	5	5	2	1	1	2	1.430000e+00	4.438100e+02	959	0	2
98	2	71	2	1	1	44	31	2	5	5	2	1	2	1	3.990000e+00	4.478000e+02	934	1	1
98	2	72	2	1	2	21	10	2	5	5	2	1	2	1	3.990000e+00	4.517900e+02	2758	1	1
98	2	73	2	1	3	5	51	4	3	4	1	1	1	2	2.230000e+00	4.540200e+02	3925	0	2
98	2	74	2	1	4	6	42	4	2	4	1	1	1	2	1.720000e+00	4.557400e+02	7214	0	1
98	2	75	2	1	5	19	29	2	3	3	2	1	2	1	3.980000e+00	4.597200e+02	7746	1	2
98	2	76	2	2	1	9	8	2	4	2	1	1	2	1	3.950000e+00	4.636700e+02	1570	1	2
98	2	77	2	2	2	49	16	5	3	3	2	1	1	2	1.960000e+00	4.656300e+02	2016	0	2
98	2	78	2	2	3	38	23	2	5	2	1	1	2	1	4.180000e+00	4.698100e+02	10837	1	2
98	2	79	2	1	1	7	47	3	4	3	1	1	1	2	1.710000e+00	4.715200e+02	1673	0	1
98	2	80	2	1	2	14	26	4	5	4	1	1	1	2	1.370000e+00	4.728900e+02	1916	0	1
98	2	81	2	1	3	36	12	2	3	3	2	1	2	1	4.060000e+00	4.769500e+02	4204	1	2
98	2	82	2	1	4	52	30	5	4	5	1	1	1	2	1.570000e+00	4.785200e+02	4089	0	2
98	2	83	2	1	5	1	23	5	3	5	1	1	1	2	2.020000e+00	4.805400e+02	1699	0	1
98	2	84	2	1	6	10	18	4	2	4	1	1	1	2	1.700000e+00	4.822400e+02	2244	0	1
98	2	1	3	2	1	27	53	2	4	2	1	1	2	1	4.060000e+00	4.863000e+02	2369	1	NaN
98	2	2	3	2	2	18	11	4	3	3	2	1	1	2	2.260000e+00	4.885600e+02	1367	0	2
98	2	3	3	2	3	12	41	3	4	3	1	1	2	1	3.980000e+00	4.925400e+02	5014	1	2
98	2	4	3	2	4	7	43	3	2	2	2	1	1	2	1.030000e+00	4.935700e+02	7803	0	2
98	2	5	3	2	5	31	48	3	4	4	2	1	1	2	2.060000e+00	4.956300e+02	2040	0	1
98	2	6	3	1	1	33	45	2	4	2	1	1	1	2	2.750000e+00	4.983800e+02	1404	0	2
98	2	7	3	2	1	14	26	5	2	5	1	1	2	1	4.120000e+00	5.025000e+02	929	1	1
98	2	8	3	2	2	41	37	4	3	4	1	1	2	1	3.810000e+00	5.063100e+02	2745	1	1
98	2	9	3	2	3	43	18	2	5	2	1	1	2	1	3.990000e+00	5.103000e+02	3809	1	1
98	2	10	3	2	4	17	13	4	2	4	1	1	2	1	3.920000e+00	5.142200e+02	1855	1	1
98	2	11	3	2	5	19	7	2	5	2	1	1	2	1	3.880000e+00	5.181000e+02	2066	1	1
98	2	12	3	2	6	42	53	5	3	5	1	1	2	1	3.850000e+00	5.219500e+02	3956	1	1
98	2	13	3	1	1	12	47	4	3	4	1	1	1	2	2.140000e+00	5.240900e+02	1811	0	1
98	2	14	3	1	2	6	13	4	2	4	1	1	1	2	1.800000e+00	5.258900e+02	2040	0	1
98	2	15	3	1	3	16	47	4	2	4	1	1	1	2	2.030000e+00	5.279200e+02	2069	0	1
98	2	16	3	1	4	46	1	5	4	4	2	1	2	1	3.960000e+00	5.318800e+02	1495	1	2
98	2	17	3	1	5	38	8	2	5	2	1	1	1	2	1.780000e+00	5.336600e+02	1729	0	2
98	2	18	3	2	1	19	8	5	4	5	1	1	2	1	4.040000e+00	5.377000e+02	3177	1	1
98	2	19	3	2	2	1	26	2	4	2	1	1	2	1	4.090000e+00	5.417900e+02	1735	1	1
98	2	20	3	2	3	50	3	4	3	3	2	1	1	2	3	5.447900e+02	1664	0	2
98	2	21	3	1	1	22	54	2	5	2	1	1	1	2	1.360000e+00	5.461500e+02	2298	0	2
98	2	22	3	1	2	42	2	2	5	2	1	1	1	2	1.520000e+00	5.476700e+02	1419	0	1
98	2	23	3	1	3	2	34	5	4	5	1	1	1	2	2.490000e+00	5.501600e+02	1559	0	1
98	2	24	3	1	4	39	49	4	5	5	2	1	2	1	3.950000e+00	5.541100e+02	1999	1	2
98	2	25	3	1	5	11	46	5	4	5	1	1	1	2	1.350000e+00	5.554600e+02	3316	0	2
98	2	26	3	1	6	19	30	5	2	2	2	1	2	1	4.040000e+00	5.595000e+02	4037	1	2
98	2	27	3	2	1	8	11	3	2	2	2	1	1	2	2.730000e+00	5.622300e+02	1488	0	1
98	2	28	3	1	1	25	4	2	4	2	1	1	1	2	2.330000e+00	5.645600e+02	1378	0	2
98	2	29	3	1	2	21	2	5	3	5	1	1	1	2	2.920000e+00	5.674800e+02	1713	0	1
98	2	30	3	2	1	24	33	4	5	4	1	1	2	1	4.060000e+00	5.715400e+02	3546	1	1
98	2	31	3	2	2	20	43	5	2	5	1	1	2	1	4.220000e+00	5.757600e+02	1378	1	1
98	2	32	3	2	3	24	27	4	5	5	2	1	1	2	1.840000e+00	5.776000e+02	2617	0	2
98	2	33	3	2	4	19	23	5	3	3	2	1	1	2	1.460000e+00	5.790600e+02	2669	0	1
98	2	34	3	1	1	20	29	5	4	4	2	1	2	1	3.980000e+00	5.830400e+02	2336	1	1
98	2	35	3	1	2	44	3	5	2	2	2	1	2	1	4.140000e+00	5.871800e+02	936	1	1
98	2	36	3	1	3	24	21	2	4	2	1	1	1	2	1.470000e+00	5.886500e+02	2456	0	2
98	2	37	3	2	1	23	6	4	2	2	2	1	1	2	2.300000e+00	5.909500e+02	1427	0	2
98	2	38	3	2	2	12	2	2	3	2	1	1	2	1	3.930000e+00	5.948800e+02	1255	1	2
98	2	39	3	1	1	40	11	2	4	2	1	1	1	2	2.260000e+00	5.971400e+02	2378	0	1
98	2	40	3	1	2	9	8	3	2	3	1	1	1	2	1.480000e+00	5.986200e+02	1969	0	1
98	2	41	3	1	3	41	51	3	4	4	2	1	2	1	4.010000e+00	6.026300e+02	3464	1	2
98	2	42	3	1	4	38	24	3	2	3	1	1	1	2	1.060000e+00	6.036900e+02	5162	0	2
98	2	43	3	2	1	29	47	3	5	3	1	1	2	1	3.940000e+00	6.076300e+02	2313	1	1
98	2	44	3	2	2	28	42	2	5	2	1	1	2	1	4.050000e+00	6.116800e+02	4746	1	1
98	2	45	3	2	3	52	20	3	5	5	2	1	1	2	1.850000e+00	6.135300e+02	1914	0	2
98	2	46	3	2	4	23	14	4	3	4	1	1	2	1	4.150000e+00	6.176800e+02	5282	1	2
98	2	47	3	1	1	30	20	5	3	5	1	1	1	2	1.700000e+00	6.193800e+02	1156	0	1
98	2	48	3	1	2	54	8	5	3	5	1	1	1	2	9.000000e-01	6.202800e+02	5460	0	1
98	2	49	3	1	3	15	43	5	2	2	2	1	2	1	3.850000e+00	6.241300e+02	4911	1	2
98	2	50	3	1	4	38	36	3	2	3	1	1	1	2	2.500000e+00	6.266300e+02	4104	0	2
98	2	51	3	2	1	32	14	4	3	4	1	1	2	1	3.990000e+00	6.306200e+02	1457	1	1
98	2	52	3	2	2	44	42	3	4	3	1	1	2	1	4.040000e+00	6.346600e+02	7588	1	1
98	2	53	3	2	3	39	13	2	4	4	2	1	1	2	2.440000e+00	6.371000e+02	1426	0	2
98	2	54	3	2	4	23	26	4	5	5	2	1	1	2	1	6.381000e+02	1559	0	1
98	2	55	3	2	5	30	21	2	3	3	2	1	1	2	1.700000e+00	6.398000e+02	3838	0	1
98	2	56	3	2	6	23	11	4	5	5	2	1	1	2	1.670000e+00	6.414700e+02	1234	0	1
98	2	57	3	1	1	18	40	3	4	3	1	1	1	2	1.520000e+00	6.429900e+02	3534	0	2
98	2	58	3	1	2	49	22	3	4	4	2	1	2	1	3.980000e+00	6.469700e+02	1742	1	2
98	2	59	3	1	3	54	39	3	5	3	1	1	1	2	2.720000e+00	6.496900e+02	1846	0	2
98	2	60	3	1	4	22	17	5	3	3	2	1	2	1	4	6.536900e+02	4225	1	2
98	2	61	3	1	5	12	40	2	3	2	1	1	1	2	2.580000e+00	6.562700e+02	6093	0	2
98	2	62	3	2	1	42	38	2	5	2	1	1	2	1	3.920000e+00	6.601900e+02	3647	1	1
98	2	63	3	2	2	44	50	3	5	5	2	1	1	2	2	6.621900e+02	1819	0	2
98	2	64	3	2	3	36	46	3	4	4	2	1	1	2	1.630000e+00	6.638200e+02	2607	0	1
98	2	65	3	2	4	29	18	2	3	3	2	1	1	2	2.280000e+00	6.661000e+02	4125	0	1
98	2	66	3	2	5	10	6	3	5	3	1	1	2	1	3.970000e+00	6.700700e+02	1813	1	2
98	2	67	3	1	1	1	37	4	2	3	0	0	0	0	0	6.700700e+02	4882	NaN	NaN
98	2	68	3	1	2	17	8	4	5	5	2	1	2	1	4.060000e+00	6.741300e+02	2311	1	NaN
98	2	69	3	2	1	23	27	3	2	3	1	1	2	1	4.080000e+00	6.782100e+02	4656	1	2
98	2	70	3	1	1	17	19	4	3	3	2	1	2	1	3.990000e+00	6.822000e+02	6435	1	2
98	2	71	3	1	2	5	34	5	2	2	2	1	2	1	4.100000e+00	6.863000e+02	6496	1	1
98	2	72	3	1	3	15	28	3	2	3	1	1	1	2	3.090000e+00	6.893900e+02	8097	0	2
98	2	73	3	2	1	6	26	2	3	3	2	1	1	2	2.250000e+00	6.916400e+02	3466	0	2
98	2	74	3	2	2	22	35	3	5	5	2	1	1	2	1.990000e+00	6.936300e+02	1861	0	1
98	2	75	3	1	1	38	13	5	3	3	2	1	2	1	4.110000e+00	6.977400e+02	4344	1	1
98	2	76	3	1	2	44	33	2	3	3	2	1	2	1	4.010000e+00	7.017500e+02	1512	1	1
98	2	77	3	1	3	50	23	5	4	5	1	1	1	2	1.480000e+00	7.032300e+02	4241	0	2
98	2	78	3	1	4	19	37	5	2	2	2	1	2	1	4.060000e+00	7.072900e+02	2253	1	2
98	2	79	3	1	5	31	27	4	5	4	1	1	1	2	2	7.092900e+02	1832	0	2
98	2	80	3	1	6	2	42	5	4	4	2	1	2	1	3.970000e+00	7.132600e+02	3204	1	2
98	2	81	3	2	1	37	46	4	2	4	1	1	2	1	4.150000e+00	7.174100e+02	4705	1	2
98	2	82	3	2	2	22	25	2	3	3	2	1	1	2	2.880000e+00	7.202900e+02	3858	0	2
98	2	83	3	2	3	24	42	4	2	4	1	1	2	1	3.940000e+00	7.242300e+02	3917	1	2
98	2	84	3	1	1	26	28	3	5	3	1	1	1	2	2.050000e+00	7.262800e+02	7366	0	1
98	2	1	4	1	1	25	10	4	5	5	2	1	2	1	3.900000e+00	7.301800e+02	2569	1	NaN
98	2	2	4	2	1	10	22	3	4	4	2	1	1	2	2.320000e+00	7.325000e+02	1744	0	1
98	2	3	4	2	2	18	49	2	3	2	1	1	2	1	3.720000e+00	7.362200e+02	2720	1	2
98	2	4	4	1	1	30	51	2	5	2	1	1	1	2	2.470000e+00	7.386900e+02	1561	0	1
98	2	5	4	1	2	26	32	2	5	2	1	1	1	2	2.100000e+00	7.407900e+02	1903	0	1
98	2	6	4	1	3	2	46	2	4	2	1	1	1	2	2.120000e+00	7.429100e+02	4096	0	1
98	2	7	4	1	4	3	36	3	5	3	1	1	1	2	2.570000e+00	7.454800e+02	1769	0	1
98	2	8	4	2	1	15	53	3	2	3	1	1	2	1	3.970000e+00	7.494500e+02	3376	1	1
98	2	9	4	2	2	30	31	3	2	3	1	1	2	1	3.980000e+00	7.534300e+02	5135	1	1
98	2	10	4	2	3	50	23	5	2	5	1	1	2	1	3.850000e+00	7.572800e+02	1879	1	1
98	2	11	4	2	4	26	42	5	2	2	2	1	1	2	1.220000e+00	7.585000e+02	4009	0	2
98	2	12	4	2	5	27	40	5	3	5	1	1	2	1	3.920000e+00	7.624200e+02	4950	1	2
98	2	13	4	1	1	12	13	2	3	3	2	1	2	1	4.030000e+00	7.664500e+02	1853	1	2
98	2	14	4	1	2	52	37	5	2	5	1	1	1	2	1.740000e+00	7.681900e+02	1457	0	2
98	2	15	4	2	1	50	2	2	5	5	2	1	1	2	1.370000e+00	7.695600e+02	6443	0	2
98	2	16	4	2	2	46	33	3	5	5	2	1	1	2	2.510000e+00	7.720700e+02	1464	0	1
98	2	17	4	2	3	49	42	4	3	4	1	1	2	1	3.920000e+00	7.759900e+02	2298	1	2
98	2	18	4	2	4	21	12	4	2	4	1	1	2	1	4	7.799900e+02	2676	1	1
98	2	19	4	2	5	31	19	2	4	4	2	1	1	2	2	7.819900e+02	4301	0	2
98	2	20	4	2	6	33	23	4	2	4	1	1	2	1	3.970000e+00	7.859600e+02	1967	1	2
98	2	21	4	1	1	36	14	3	5	3	1	1	1	2	2.190000e+00	7.881500e+02	5334	0	1
98	2	22	4	1	2	43	41	2	3	2	1	1	1	2	1.880000e+00	7.900300e+02	3293	0	1
98	2	23	4	1	3	21	47	3	4	3	1	1	1	2	1.220000e+00	7.912500e+02	3488	0	1
98	2	24	4	2	1	48	44	5	4	4	2	1	1	2	1.520000e+00	7.927700e+02	5026	0	2
98	2	25	4	2	2	34	13	3	5	5	2	1	1	2	2.110000e+00	7.948800e+02	1335	0	1
98	2	26	4	2	3	16	17	5	3	5	1	1	2	1	3.850000e+00	7.987300e+02	1127	1	2
98	2	27	4	1	1	2	16	5	4	4	2	1	2	1	3.960000e+00	8.026900e+02	1127	1	2
98	2	28	4	1	2	13	48	5	3	5	1	1	1	2	1.560000e+00	8.042500e+02	1623	0	2
98	2	29	4	1	3	34	8	4	3	4	1	1	1	2	1.450000e+00	8.057000e+02	1899	0	1
98	2	30	4	1	4	21	45	3	4	3	1	1	1	2	1.520000e+00	8.072200e+02	3997	0	1
98	2	31	4	1	5	39	8	4	3	4	1	1	1	2	1.810000e+00	8.090300e+02	3914	0	1
98	2	32	4	1	6	33	38	5	4	5	1	1	1	2	2.080000e+00	8.111100e+02	1018	0	1
98	2	33	4	2	1	17	30	5	4	5	1	1	2	1	3.990000e+00	8.151000e+02	2071	1	1
98	2	34	4	1	1	14	16	2	4	2	1	1	1	2	2.500000e+00	8.176000e+02	1353	0	1
98	2	35	4	1	2	27	6	5	2	2	2	1	2	1	3.970000e+00	8.215700e+02	6961	1	2
98	2	36	4	1	3	34	29	3	2	3	1	1	1	2	1.280000e+00	8.228500e+02	1672	0	2
98	2	37	4	1	4	2	30	4	2	2	2	1	2	1	4	8.268500e+02	899	1	2
98	2	38	4	1	5	5	43	4	3	4	1	1	1	2	2.030000e+00	8.288800e+02	4556	0	2
98	2	39	4	2	1	41	3	2	4	4	2	1	1	2	2.150000e+00	8.310300e+02	4395	0	2
98	2	40	4	2	2	12	25	2	4	4	2	1	1	2	2.240000e+00	8.332700e+02	2329	0	1
98	2	41	4	2	3	29	5	5	3	3	2	1	1	2	2.600000e+00	8.358700e+02	2113	0	1
98	2	42	4	2	4	26	13	3	5	5	2	1	1	2	1.740000e+00	8.376100e+02	706	0	1
98	2	43	4	1	1	46	22	3	2	3	1	1	1	2	2.120000e+00	8.397300e+02	3484	0	2
98	2	44	4	2	1	22	40	5	2	5	1	1	2	1	4	8.437300e+02	4077	1	1
98	2	45	4	2	2	20	37	5	2	5	1	1	2	1	3.930000e+00	8.476600e+02	6304	1	1
98	2	46	4	1	1	29	20	4	5	4	1	1	1	2	3.010000e+00	8.506700e+02	1305	0	1
98	2	47	4	1	2	49	19	2	4	4	2	1	2	1	3.970000e+00	8.546400e+02	8883	1	2
98	2	48	4	2	1	32	1	4	5	4	1	1	2	1	3.830000e+00	8.584700e+02	973	1	2
98	2	49	4	2	2	11	6	3	4	3	1	1	2	1	4.210000e+00	8.626800e+02	3075	1	1
98	2	50	4	2	3	37	24	2	3	2	1	1	2	1	4.040000e+00	8.667200e+02	2326	1	1
98	2	51	4	1	1	7	35	4	5	5	2	1	2	1	3.870000e+00	8.705900e+02	5606	1	2
98	2	52	4	1	2	14	24	3	2	3	1	1	1	2	2.290000e+00	8.728800e+02	8067	0	2
98	2	53	4	1	3	50	5	4	2	2	2	1	2	1	4.150000e+00	8.770300e+02	2510	1	2
98	2	54	4	2	1	14	45	4	5	4	1	1	2	1	3.890000e+00	8.809200e+02	2287	1	2
98	2	55	4	2	2	12	51	4	3	4	1	1	2	1	4.020000e+00	8.849400e+02	1561	1	1
98	2	56	4	2	3	18	1	2	3	2	1	1	2	1	3.980000e+00	8.889200e+02	4881	1	1
98	2	57	4	2	4	48	3	2	3	3	2	1	1	2	1.450000e+00	8.903700e+02	1938	0	2
98	2	58	4	2	5	11	13	2	5	5	2	1	1	2	2.560000e+00	8.929300e+02	2267	0	1
98	2	59	4	2	6	33	30	5	4	4	2	1	1	2	1.990000e+00	8.949200e+02	1413	0	1
98	2	60	4	1	1	40	6	2	3	2	1	1	1	2	2.250000e+00	8.971700e+02	3530	0	2
98	2	61	4	1	2	13	14	3	2	2	2	1	2	1	3.920000e+00	9.010900e+02	1242	1	2
98	2	62	4	1	3	52	29	2	5	2	1	1	1	2	1.690000e+00	9.027800e+02	4325	0	2
98	2	63	4	1	4	40	31	4	2	4	1	1	1	2	2.150000e+00	9.049300e+02	4269	0	1
98	2	64	4	1	5	39	25	2	5	5	2	1	2	1	4.010000e+00	9.089400e+02	2904	1	2
98	2	65	4	2	1	43	14	5	3	3	2	1	1	2	2.870000e+00	9.118100e+02	6042	0	1
98	2	66	4	2	2	17	5	3	4	4	2	1	1	2	1.870000e+00	9.136800e+02	4038	0	1
98	2	67	4	2	3	29	42	3	4	4	2	1	1	2	3.040000e+00	9.167200e+02	2658	0	1
98	2	68	4	2	4	16	35	3	4	4	2	1	1	2	2.710000e+00	9.194300e+02	1469	0	1
98	2	69	4	1	1	44	50	4	3	3	2	1	2	1	3.770000e+00	9.232000e+02	4352	1	1
98	2	70	4	1	2	7	17	4	2	2	2	1	2	1	3.800000e+00	9.270000e+02	1351	1	1
98	2	71	4	1	3	50	14	5	2	2	2	1	2	1	3.930000e+00	9.309300e+02	791	1	1
98	2	72	4	1	4	26	15	4	2	2	2	1	2	1	3.980000e+00	9.349100e+02	1252	1	1
98	2	73	4	2	1	2	17	3	2	2	2	1	1	2	2	9.369100e+02	1384	0	1
98	2	74	4	2	2	5	27	5	4	4	2	1	1	2	2.390000e+00	9.393000e+02	2630	0	1
98	2	75	4	2	3	32	15	5	3	3	2	1	1	2	1.660000e+00	9.409600e+02	1946	0	1
98	2	76	4	2	4	21	52	4	3	3	2	1	1	2	1.660000e+00	9.426200e+02	4250	0	1
98	2	77	4	2	5	27	43	5	4	5	1	1	2	1	3.980000e+00	9.466000e+02	3286	1	2
98	2	78	4	1	1	49	47	4	5	5	2	1	2	1	4	9.506000e+02	3055	1	2
98	2	79	4	1	2	10	2	3	5	3	1	1	1	2	2.130000e+00	9.527300e+02	3083	0	2
98	2	80	4	1	3	38	47	2	4	4	2	1	2	1	4.120000e+00	9.568500e+02	8972	1	2
98	2	81	4	1	4	5	8	2	5	5	2	1	2	1	4.070000e+00	9.609200e+02	2403	1	1
98	2	82	4	1	5	7	15	5	3	3	2	1	2	1	3.790000e+00	9.647100e+02	1361	1	1
98	2	83	4	1	6	7	11	4	5	5	2	1	2	1	4.080000e+00	9.687900e+02	3224	1	1
98	2	84	4	2	1	31	38	3	5	5	2	1	1	2	2.380000e+00	9.711700e+02	1884	0	1
