LEDISAS2	Code = 89	
SubNo	Group(1=OHRHV,SLRLV; 2=OHRLV,SLRHV; 3=OLRHV,SHRLV, 4 = OLRLV,SHRHV)	Block_trial	Block	VarDist_cond	Run_number	Targ1_position	Targ2_position	Red_targ_digit	Blue_targ_digit	Response	Targ_Choice	Acc	RewardOutcome(0=inaccurate;1=lowReward;2=highReward)	VarianceOutcome(0=inaccurate; 1=lowVariance; 2=highVariance)	OutcomeValue	Points	RT	Optimal_Choice	Repeat_Switch
89	1	1	0	1	1	31	4	2	4	4	2	1	NaN	NaN	0	0	2924	1	NaN
89	1	2	0	1	2	5	38	2	5	5	2	1	NaN	NaN	0	0	4273	1	1
89	1	3	0	1	3	46	15	4	3	4	1	1	NaN	NaN	0	0	2089	0	2
89	1	4	0	1	4	36	18	5	3	3	2	1	NaN	NaN	0	0	1881	1	2
89	1	5	0	2	1	2	50	4	3	3	2	1	NaN	NaN	0	0	1206	0	1
89	1	6	0	2	2	32	54	2	3	3	2	1	NaN	NaN	0	0	2821	0	1
89	1	7	0	1	1	12	24	4	5	5	2	1	NaN	NaN	0	0	2979	1	1
89	1	8	0	2	1	2	20	2	4	4	2	1	NaN	NaN	0	0	2833	0	1
89	1	9	0	2	2	35	29	5	4	4	2	1	NaN	NaN	0	0	1094	0	1
89	1	10	0	2	3	53	6	3	4	4	2	1	NaN	NaN	0	0	2233	0	1
89	1	1	1	1	1	52	8	5	4	4	2	1	2	2	3.800000e+00	3.800000e+00	1752	1	NaN
89	1	2	1	1	2	28	21	4	5	5	2	1	2	2	3.220000e+00	7.020000e+00	3245	1	1
89	1	3	1	1	3	10	19	5	4	4	2	1	2	2	4.060000e+00	1.108000e+01	972	1	1
89	1	4	1	1	4	49	24	5	3	3	2	1	2	2	4.140000e+00	1.522000e+01	2324	1	1
89	1	5	1	2	1	33	15	4	5	4	1	1	2	2	3.460000e+00	1.868000e+01	2166	1	2
89	1	6	1	2	2	11	22	3	2	2	2	1	1	1	2.140000e+00	2.082000e+01	3242	0	2
89	1	7	1	1	1	53	21	4	3	3	2	1	2	2	4.560000e+00	2.538000e+01	2691	1	1
89	1	8	1	2	1	23	7	5	3	5	1	1	2	2	3.980000e+00	2.936000e+01	1447	1	2
89	1	9	1	2	2	20	15	4	5	4	1	1	2	2	4.150000e+00	3.351000e+01	2119	1	1
89	1	10	1	2	3	11	12	2	4	2	1	1	2	2	4.080000e+00	3.759000e+01	1702	1	1
89	1	11	1	2	4	43	20	5	4	5	1	1	2	2	3.910000e+00	4.150000e+01	4318	1	1
89	1	12	1	1	1	41	21	3	4	4	2	1	2	2	4.340000e+00	4.584000e+01	2471	1	2
89	1	13	1	1	2	29	33	3	2	2	2	1	2	2	3.720000e+00	4.956000e+01	2309	1	1
89	1	14	1	1	3	10	7	5	3	3	2	1	2	2	5.030000e+00	5.459000e+01	2788	1	1
89	1	15	1	1	4	18	16	2	5	5	2	1	2	2	3.940000e+00	5.853000e+01	2990	1	1
89	1	16	1	1	5	30	3	3	5	5	2	1	2	2	4.050000e+00	6.258000e+01	3484	1	1
89	1	17	1	2	1	39	28	4	5	5	2	1	1	1	2.130000e+00	6.471000e+01	4655	0	1
89	1	18	1	2	2	47	36	4	5	4	1	1	2	2	4.030000e+00	6.874000e+01	3110	1	2
89	1	19	1	2	3	53	37	3	2	4	0	0	0	0	0	6.874000e+01	3453	NaN	NaN
89	1	20	1	2	4	50	43	2	4	2	1	1	2	2	3.950000e+00	7.269000e+01	3697	1	NaN
89	1	21	1	2	5	12	46	3	4	3	1	1	2	2	3.610000e+00	7.630000e+01	1900	1	1
89	1	22	1	2	6	42	37	5	4	5	1	1	2	2	4.140000e+00	8.044000e+01	1560	1	1
89	1	23	1	1	1	45	30	2	4	4	2	1	2	2	3.370000e+00	8.381000e+01	2972	1	2
89	1	24	1	1	2	34	25	4	2	2	2	1	2	2	4.340000e+00	8.815000e+01	3324	1	1
89	1	25	1	1	3	43	33	4	3	3	2	1	2	2	4.770000e+00	9.292000e+01	2565	1	1
89	1	26	1	2	1	38	10	4	2	4	1	1	2	2	3.670000e+00	9.659000e+01	2383	1	2
89	1	27	1	1	1	18	51	2	3	2	1	1	1	1	2.100000e+00	9.869000e+01	3142	0	1
89	1	28	1	1	2	17	36	3	5	5	2	1	2	2	4.590000e+00	1.032800e+02	2804	1	2
89	1	29	1	1	3	21	49	3	5	4	0	0	0	0	0	1.032800e+02	280	NaN	NaN
89	1	30	1	1	4	51	2	5	2	5	1	1	1	1	1.810000e+00	1.050900e+02	248	0	NaN
89	1	31	1	1	5	6	45	2	5	3	0	0	0	0	0	1.050900e+02	302	NaN	NaN
89	1	32	1	1	6	45	49	5	4	3	0	0	0	0	0	1.050900e+02	278	NaN	NaN
89	1	33	1	2	1	41	5	5	4	4	2	1	1	1	1.830000e+00	1.069200e+02	3873	0	NaN
89	1	34	1	2	2	47	6	5	3	5	1	1	2	2	4.270000e+00	1.111900e+02	2396	1	2
89	1	35	1	2	3	16	4	2	3	2	1	1	2	2	3.810000e+00	115	1735	1	1
89	1	36	1	1	1	48	20	4	5	5	2	1	2	2	4.330000e+00	1.193300e+02	2230	1	2
89	1	37	1	1	2	8	42	3	5	5	2	1	2	2	4.380000e+00	1.237100e+02	1785	1	1
89	1	38	1	2	1	19	11	4	2	4	1	1	2	2	4.340000e+00	1.280500e+02	2350	1	2
89	1	39	1	2	2	42	30	2	4	2	1	1	2	2	4.610000e+00	1.326600e+02	2404	1	1
89	1	40	1	2	3	7	28	5	4	5	1	1	2	2	4.320000e+00	1.369800e+02	3462	1	1
89	1	41	1	2	4	21	23	3	5	3	1	1	2	2	4.560000e+00	1.415400e+02	2830	1	1
89	1	42	1	2	5	48	37	5	2	5	1	1	2	2	3.430000e+00	1.449700e+02	4486	1	1
89	1	43	1	1	1	13	52	2	3	2	1	1	1	1	2	1.469700e+02	2912	0	1
89	1	44	1	1	2	18	1	4	3	3	2	1	2	2	3.930000e+00	1.509000e+02	1646	1	2
89	1	45	1	2	1	7	30	4	3	4	1	1	2	2	3.240000e+00	1.541400e+02	2077	1	2
89	1	46	1	2	2	44	41	3	2	3	1	1	2	2	4.120000e+00	1.582600e+02	2630	1	1
89	1	47	1	2	3	47	28	3	4	3	1	1	2	2	3.500000e+00	1.617600e+02	5006	1	1
89	1	48	1	2	4	33	7	3	4	3	1	1	2	2	4.670000e+00	1.664300e+02	2423	1	1
89	1	49	1	2	5	21	7	3	2	3	1	1	2	2	3.620000e+00	1.700500e+02	2125	1	1
89	1	50	1	1	1	6	50	4	2	2	2	1	2	2	4.250000e+00	1.743000e+02	1639	1	2
89	1	51	1	1	2	43	28	2	5	5	2	1	2	2	4.100000e+00	1.784000e+02	2970	1	1
89	1	52	1	1	3	11	38	2	4	3	0	0	0	0	0	1.784000e+02	1767	NaN	NaN
89	1	53	1	2	1	45	21	2	4	3	0	0	0	0	0	1.784000e+02	1481	NaN	NaN
89	1	54	1	2	2	38	48	3	5	5	2	1	1	1	1.890000e+00	1.802900e+02	1968	0	NaN
89	1	55	1	2	3	46	31	4	2	2	2	1	1	1	1.740000e+00	1.820300e+02	4725	0	1
89	1	56	1	2	4	12	39	5	2	5	1	1	2	2	3.970000e+00	186	6591	1	2
89	1	57	1	2	5	31	33	5	3	5	1	1	2	2	3.520000e+00	1.895200e+02	3143	1	1
89	1	58	1	2	6	5	3	3	5	4	0	0	0	0	0	1.895200e+02	2478	NaN	NaN
89	1	59	1	1	1	16	3	5	2	2	2	1	2	2	4.290000e+00	1.938100e+02	2102	1	NaN
89	1	60	1	1	2	25	1	4	3	3	2	1	2	2	4.240000e+00	1.980500e+02	1503	1	1
89	1	61	1	1	3	9	32	2	3	5	0	0	0	0	0	1.980500e+02	3133	NaN	NaN
89	1	62	1	1	4	21	50	5	3	3	2	1	2	2	4.800000e+00	2.028500e+02	4218	1	NaN
89	1	63	1	1	5	9	38	4	2	2	2	1	2	2	4.280000e+00	2.071300e+02	2855	1	1
89	1	64	1	1	6	6	49	2	3	3	2	1	2	2	3.700000e+00	2.108300e+02	1679	1	1
89	1	65	1	2	1	53	3	2	5	5	2	1	1	1	2.040000e+00	2.128700e+02	3787	0	1
89	1	66	1	2	2	31	1	4	3	4	1	1	2	2	3.520000e+00	2.163900e+02	2798	1	2
89	1	67	1	2	3	29	41	4	3	4	1	1	2	2	3.990000e+00	2.203800e+02	1813	1	1
89	1	68	1	2	4	43	16	3	2	4	0	0	0	0	0	2.203800e+02	1413	NaN	NaN
89	1	69	1	1	1	26	7	5	2	2	2	1	2	2	3.980000e+00	2.243600e+02	1826	1	NaN
89	1	70	1	2	1	54	3	2	3	2	1	1	2	2	4	2.283600e+02	1527	1	2
89	1	71	1	2	2	42	10	5	2	5	1	1	2	2	3.850000e+00	2.322100e+02	2662	1	1
89	1	72	1	1	1	28	16	3	2	2	2	1	2	2	4.520000e+00	2.367300e+02	1319	1	2
89	1	73	1	1	2	26	52	2	5	2	1	1	1	1	1.780000e+00	2.385100e+02	928	0	2
89	1	74	1	1	3	33	41	5	2	2	2	1	2	2	4.200000e+00	2.427100e+02	854	1	2
89	1	75	1	1	4	49	18	3	4	3	1	1	1	1	2.110000e+00	2.448200e+02	1044	0	2
89	1	76	1	2	1	29	16	2	3	2	1	1	2	2	4.340000e+00	2.491600e+02	1328	1	1
89	1	77	1	1	1	13	47	3	4	4	2	1	2	2	4.270000e+00	2.534300e+02	4535	1	2
89	1	78	1	1	2	46	34	5	3	3	2	1	2	2	4.020000e+00	2.574500e+02	3010	1	1
89	1	79	1	1	3	45	14	2	5	5	2	1	2	2	4.320000e+00	2.617700e+02	3868	1	1
89	1	80	1	1	4	39	51	2	4	2	1	1	1	1	2.070000e+00	2.638400e+02	5606	0	2
89	1	81	1	1	5	30	29	3	4	4	2	1	2	2	3.880000e+00	2.677200e+02	2531	1	2
89	1	82	1	2	1	52	22	4	5	4	1	1	2	2	3.820000e+00	2.715400e+02	3165	1	2
89	1	83	1	2	2	21	52	4	2	4	1	1	2	2	3.860000e+00	2.754000e+02	2144	1	1
89	1	84	1	2	3	3	50	2	5	2	1	1	2	2	3.300000e+00	2.787000e+02	1621	1	1
89	1	1	2	1	1	7	12	5	4	4	2	1	2	2	3.890000e+00	2.825900e+02	3631	1	NaN
89	1	2	2	1	2	36	6	2	3	2	1	1	1	1	2.010000e+00	2.846000e+02	2486	0	2
89	1	3	2	1	3	42	49	2	4	4	2	1	2	2	4.150000e+00	2.887500e+02	5054	1	2
89	1	4	2	2	1	35	3	3	2	2	2	1	1	1	2.170000e+00	2.909200e+02	2949	0	1
89	1	5	2	2	2	52	15	4	3	4	1	1	2	2	3.830000e+00	2.947500e+02	2278	1	2
89	1	6	2	1	1	53	40	4	2	4	1	1	1	1	2.070000e+00	2.968200e+02	2617	0	1
89	1	7	2	1	2	28	15	5	2	2	2	1	2	2	4.380000e+00	3.012000e+02	2788	1	2
89	1	8	2	2	1	52	7	2	5	2	1	1	2	2	4.440000e+00	3.056400e+02	1336	1	2
89	1	9	2	1	1	31	37	5	3	3	2	1	2	2	3.530000e+00	3.091700e+02	5773	1	2
89	1	10	2	2	1	52	28	3	5	5	2	1	1	1	2.020000e+00	3.111900e+02	1342	0	1
89	1	11	2	2	2	42	20	5	2	2	2	1	1	1	2.030000e+00	3.132200e+02	909	0	1
89	1	12	2	2	3	32	3	2	3	3	2	1	1	1	1.880000e+00	3.151000e+02	2167	0	1
89	1	13	2	2	4	49	26	5	4	5	1	1	2	2	3.650000e+00	3.187500e+02	2319	1	2
89	1	14	2	2	5	26	36	3	4	3	1	1	2	2	4.510000e+00	3.232600e+02	1277	1	1
89	1	15	2	1	1	15	50	2	3	4	0	0	0	0	0	3.232600e+02	6282	NaN	NaN
89	1	16	2	1	2	2	13	4	3	3	2	1	2	2	3.940000e+00	3.272000e+02	1650	1	NaN
89	1	17	2	1	3	51	22	3	2	2	2	1	2	2	4.180000e+00	3.313800e+02	2683	1	1
89	1	18	2	1	4	32	34	5	3	3	2	1	2	2	4.040000e+00	3.354200e+02	4616	1	1
89	1	19	2	1	5	6	37	5	4	4	2	1	2	2	3.700000e+00	3.391200e+02	2371	1	1
89	1	20	2	2	1	38	31	4	3	3	2	1	1	1	1.930000e+00	3.410500e+02	1455	0	1
89	1	21	2	2	2	3	53	3	5	3	1	1	2	2	4.210000e+00	3.452600e+02	3559	1	2
89	1	22	2	2	3	26	10	5	2	5	1	1	2	2	3.550000e+00	3.488100e+02	1768	1	1
89	1	23	2	2	4	25	53	4	5	4	1	1	2	2	4.370000e+00	3.531800e+02	2081	1	1
89	1	24	2	2	5	48	30	4	2	4	1	1	2	2	4.270000e+00	3.574500e+02	3911	1	1
89	1	25	2	2	6	50	3	3	4	4	2	1	1	1	1.900000e+00	3.593500e+02	2575	0	2
89	1	26	2	1	1	26	6	2	4	2	1	1	1	1	1.970000e+00	3.613200e+02	1226	0	2
89	1	27	2	1	2	32	28	3	5	3	1	1	1	1	1.860000e+00	3.631800e+02	3324	0	1
89	1	28	2	1	3	53	15	5	2	5	1	1	1	1	1.740000e+00	3.649200e+02	5153	0	1
89	1	29	2	1	4	24	53	3	2	3	1	1	1	1	2.120000e+00	3.670400e+02	448	0	1
89	1	30	2	2	1	54	45	4	3	3	2	1	1	1	1.940000e+00	3.689800e+02	352	0	2
89	1	31	2	2	2	43	17	2	5	2	1	1	2	2	4.150000e+00	3.731300e+02	268	1	2
89	1	32	2	2	3	49	28	5	2	5	1	1	2	2	4.110000e+00	3.772400e+02	253	1	1
89	1	33	2	2	4	18	31	2	5	3	0	0	0	0	0	3.772400e+02	281	NaN	NaN
89	1	34	2	1	1	14	6	4	3	2	0	0	0	0	0	3.772400e+02	1069	NaN	NaN
89	1	35	2	1	2	36	7	2	3	3	2	1	2	2	4.010000e+00	3.812500e+02	2343	1	NaN
89	1	36	2	1	3	42	22	4	5	5	2	1	2	2	3.530000e+00	3.847800e+02	1902	1	1
89	1	37	2	1	4	33	18	5	2	4	0	0	0	0	0	3.847800e+02	287	NaN	NaN
89	1	38	2	1	5	48	50	2	4	5	0	0	0	0	0	3.847800e+02	215	NaN	NaN
89	1	39	2	1	6	34	7	5	4	4	2	1	2	2	3.550000e+00	3.883300e+02	4344	1	NaN
89	1	40	2	2	1	30	28	2	5	5	2	1	1	1	1.960000e+00	3.902900e+02	1502	0	1
89	1	41	2	2	2	16	41	4	5	5	2	1	1	1	1.860000e+00	3.921500e+02	6558	0	1
89	1	42	2	2	3	14	41	2	5	5	2	1	1	1	1.880000e+00	3.940300e+02	3207	0	1
89	1	43	2	1	1	3	41	3	4	5	0	0	0	0	0	3.940300e+02	6853	NaN	NaN
89	1	44	2	1	2	21	22	3	5	5	2	1	2	2	4.690000e+00	3.987200e+02	2781	1	NaN
89	1	45	2	1	3	4	31	5	3	3	2	1	2	2	4.030000e+00	4.027500e+02	6110	1	1
89	1	46	2	1	4	35	14	4	2	3	0	0	0	0	0	4.027500e+02	2614	NaN	NaN
89	1	47	2	1	5	5	44	3	5	5	2	1	2	2	3.430000e+00	4.061800e+02	7063	1	NaN
89	1	48	2	1	6	36	34	2	3	3	2	1	2	2	3.980000e+00	4.101600e+02	3382	1	1
89	1	49	2	2	1	32	10	5	3	3	2	1	1	1	1.870000e+00	4.120300e+02	1208	0	1
89	1	50	2	2	2	14	27	3	2	3	1	1	2	2	3.360000e+00	4.153900e+02	3469	1	2
89	1	51	2	2	3	45	38	2	4	2	1	1	2	2	3.880000e+00	4.192700e+02	1535	1	1
89	1	52	2	2	4	6	20	2	3	2	1	1	2	2	4.450000e+00	4.237200e+02	1662	1	1
89	1	53	2	1	1	46	2	4	2	2	2	1	2	2	4.060000e+00	4.277800e+02	2534	1	2
89	1	54	2	1	2	19	14	4	2	2	2	1	2	2	4.310000e+00	4.320900e+02	2880	1	1
89	1	55	2	1	3	28	17	5	3	3	2	1	2	2	3.450000e+00	4.355400e+02	1822	1	1
89	1	56	2	1	4	7	25	4	2	2	2	1	2	2	3.780000e+00	4.393200e+02	1183	1	1
89	1	57	2	1	5	43	35	2	5	5	2	1	2	2	3.880000e+00	4.432000e+02	2455	1	1
89	1	58	2	2	1	45	54	4	3	4	1	1	2	2	3.430000e+00	4.466300e+02	3936	1	2
89	1	59	2	2	2	16	37	3	4	5	0	0	0	0	0	4.466300e+02	1350	NaN	NaN
89	1	60	2	2	3	31	12	3	2	4	0	0	0	0	0	4.466300e+02	262	NaN	NaN
89	1	61	2	2	4	33	53	4	5	4	1	1	2	2	3.380000e+00	4.500100e+02	2754	1	NaN
89	1	62	2	2	5	35	52	3	5	5	2	1	1	1	2.110000e+00	4.521200e+02	1717	0	2
89	1	63	2	2	6	28	38	3	4	4	2	1	1	1	2	4.541200e+02	2060	0	1
89	1	64	2	1	1	13	20	2	5	5	2	1	2	2	3.700000e+00	4.578200e+02	2992	1	1
89	1	65	2	2	1	12	52	5	3	5	1	1	2	2	4.380000e+00	4.622000e+02	4110	1	2
89	1	66	2	1	1	29	50	4	2	2	2	1	2	2	4.110000e+00	4.663100e+02	7316	1	2
89	1	67	2	1	2	34	27	5	3	3	2	1	2	2	3.530000e+00	4.698400e+02	3854	1	1
89	1	68	2	1	3	35	43	4	3	3	2	1	2	2	4.630000e+00	4.744700e+02	2703	1	1
89	1	69	2	2	1	17	13	2	4	5	0	0	0	0	0	4.744700e+02	2071	NaN	NaN
89	1	70	2	2	2	9	21	4	5	4	1	1	2	2	4.140000e+00	4.786100e+02	2479	1	NaN
89	1	71	2	1	1	39	8	5	4	4	2	1	2	2	4.700000e+00	4.833100e+02	1920	1	2
89	1	72	2	1	2	17	1	2	3	2	1	1	1	1	2.130000e+00	4.854400e+02	1637	0	2
89	1	73	2	1	3	6	15	4	5	5	2	1	2	2	3.680000e+00	4.891200e+02	1593	1	2
89	1	74	2	1	4	38	24	2	4	4	2	1	2	2	3.390000e+00	4.925100e+02	1517	1	1
89	1	75	2	2	1	51	34	3	4	5	0	0	0	0	0	4.925100e+02	4076	NaN	NaN
89	1	76	2	2	2	29	52	3	2	3	1	1	2	2	3.970000e+00	4.964800e+02	4889	1	NaN
89	1	77	2	2	3	6	30	5	4	5	1	1	2	2	3.840000e+00	5.003200e+02	3806	1	1
89	1	78	2	1	1	34	28	3	4	4	2	1	2	2	3.600000e+00	5.039200e+02	1749	1	2
89	1	79	2	1	2	11	29	5	4	4	2	1	2	2	4.230000e+00	5.081500e+02	2839	1	1
89	1	80	2	2	1	53	36	2	4	4	2	1	1	1	2.180000e+00	5.103300e+02	2252	0	1
89	1	81	2	2	2	5	19	4	5	4	1	1	2	2	3.740000e+00	5.140700e+02	5634	1	2
89	1	82	2	2	3	8	17	3	2	3	1	1	2	2	3.600000e+00	5.176700e+02	1974	1	1
89	1	83	2	2	4	45	39	3	5	3	1	1	2	2	3.880000e+00	5.215500e+02	3078	1	1
89	1	84	2	2	5	23	13	5	2	5	1	1	2	2	4.310000e+00	5.258600e+02	3838	1	1
89	1	1	3	1	1	17	12	2	5	5	2	1	2	2	3.600000e+00	5.294600e+02	6249	1	NaN
89	1	2	3	2	1	54	49	3	5	3	1	1	2	2	3.430000e+00	5.328900e+02	4486	1	2
89	1	3	3	1	1	18	7	2	4	4	2	1	2	2	3.940000e+00	5.368300e+02	2447	1	2
89	1	4	3	1	2	51	10	4	5	5	2	1	2	2	3.970000e+00	5.408000e+02	3503	1	1
89	1	5	3	1	3	42	21	2	3	4	0	0	0	0	0	5.408000e+02	2408	NaN	NaN
89	1	6	3	1	4	18	12	3	4	4	2	1	2	2	4.230000e+00	5.450300e+02	4087	1	NaN
89	1	7	3	1	5	14	9	5	3	4	0	0	0	0	0	5.450300e+02	3702	NaN	NaN
89	1	8	3	1	6	3	38	5	2	2	2	1	2	2	3.720000e+00	5.487500e+02	2336	1	NaN
89	1	9	3	2	1	12	35	3	2	3	1	1	2	2	3.930000e+00	5.526800e+02	2824	1	2
89	1	10	3	2	2	18	52	4	2	4	1	1	2	2	3.800000e+00	5.564800e+02	1621	1	1
89	1	11	3	2	3	52	20	3	4	3	1	1	2	2	3.960000e+00	5.604400e+02	5966	1	1
89	1	12	3	1	1	54	12	4	5	5	2	1	2	2	4.720000e+00	5.651600e+02	6661	1	2
89	1	13	3	1	2	51	1	3	2	2	2	1	2	2	3.710000e+00	5.688700e+02	4094	1	1
89	1	14	3	1	3	12	34	2	3	3	2	1	2	2	3.370000e+00	5.722400e+02	5733	1	1
89	1	15	3	2	1	16	38	4	5	5	2	1	1	1	2.060000e+00	5.743000e+02	5242	0	1
89	1	16	3	2	2	40	17	4	5	5	2	1	1	1	1.890000e+00	5.761900e+02	3589	0	1
89	1	17	3	1	1	52	39	3	4	5	0	0	0	0	0	5.761900e+02	4391	NaN	NaN
89	1	18	3	1	2	21	32	3	2	2	2	1	2	2	4.020000e+00	5.802100e+02	3165	1	NaN
89	1	19	3	1	3	52	25	3	5	5	2	1	2	2	3.700000e+00	5.839100e+02	5542	1	1
89	1	20	3	1	4	41	46	4	3	3	2	1	2	2	4.250000e+00	5.881600e+02	4190	1	1
89	1	21	3	1	5	24	50	3	2	2	2	1	2	2	4.260000e+00	5.924200e+02	2204	1	1
89	1	22	3	2	1	52	7	5	4	5	1	1	2	2	3.900000e+00	5.963200e+02	3253	1	2
89	1	23	3	2	2	6	18	3	5	5	2	1	1	1	1.760000e+00	5.980800e+02	2263	0	2
89	1	24	3	2	3	15	7	2	3	3	2	1	1	1	2.020000e+00	6.001000e+02	3292	0	1
89	1	25	3	2	4	13	43	3	4	3	1	1	2	2	4.750000e+00	6.048500e+02	2438	1	2
89	1	26	3	2	5	18	13	4	2	4	1	1	2	2	4.480000e+00	6.093300e+02	2128	1	1
89	1	27	3	2	6	2	4	3	2	3	1	1	2	2	3.260000e+00	6.125900e+02	9389	1	1
89	1	28	3	1	1	4	35	5	4	4	2	1	2	2	3.960000e+00	6.165500e+02	5286	1	2
89	1	29	3	1	2	41	45	2	4	4	2	1	2	2	3.680000e+00	6.202300e+02	6004	1	1
89	1	30	3	2	1	11	40	3	5	5	2	1	1	1	1.880000e+00	6.221100e+02	5388	0	1
89	1	31	3	2	2	38	18	5	4	4	2	1	1	1	1.850000e+00	6.239600e+02	5418	0	1
89	1	32	3	2	3	3	48	3	4	3	1	1	2	2	4.140000e+00	6.281000e+02	2246	1	2
89	1	33	3	2	4	5	6	5	3	3	2	1	1	1	1.950000e+00	6.300500e+02	7543	0	2
89	1	34	3	2	5	29	5	4	3	4	1	1	2	2	4.030000e+00	6.340800e+02	4788	1	2
89	1	35	3	1	1	51	30	4	2	4	1	1	1	1	1.960000e+00	6.360400e+02	5076	0	1
89	1	36	3	1	2	17	53	4	3	3	2	1	2	2	3.780000e+00	6.398200e+02	5308	1	2
89	1	37	3	1	3	19	52	5	2	3	0	0	0	0	0	6.398200e+02	3127	NaN	NaN
89	1	38	3	1	4	26	4	4	2	2	2	1	2	2	4.170000e+00	6.439900e+02	1969	1	NaN
89	1	39	3	2	1	3	1	4	3	5	0	0	0	0	0	6.439900e+02	6686	NaN	NaN
89	1	40	3	2	2	43	13	4	2	2	2	1	1	1	2.090000e+00	6.460800e+02	15351	0	NaN
89	1	41	3	2	3	18	24	3	4	4	2	1	1	1	2.250000e+00	6.483300e+02	10046	0	1
89	1	42	3	2	4	6	39	5	3	5	1	1	2	2	3.360000e+00	6.516900e+02	13397	1	2
89	1	43	3	1	1	7	14	4	5	5	2	1	2	2	3.520000e+00	6.552100e+02	3719	1	2
89	1	44	3	1	2	49	34	3	2	2	2	1	2	2	4.490000e+00	6.597000e+02	2133	1	1
89	1	45	3	1	3	37	44	5	4	4	2	1	2	2	3.820000e+00	6.635200e+02	2149	1	1
89	1	46	3	1	4	48	37	4	2	3	0	0	0	0	0	6.635200e+02	263	NaN	NaN
89	1	47	3	2	1	49	52	2	5	4	0	0	0	0	0	6.635200e+02	256	NaN	NaN
89	1	48	3	2	2	23	8	4	3	5	0	0	0	0	0	6.635200e+02	1	NaN	NaN
89	1	49	3	2	3	8	46	2	5	4	0	0	0	0	0	6.635200e+02	262	NaN	NaN
89	1	50	3	2	4	35	10	3	5	3	1	1	2	2	3.350000e+00	6.668700e+02	427	1	NaN
89	1	51	3	2	5	14	22	5	3	5	1	1	2	2	4.150000e+00	6.710200e+02	1847	1	1
89	1	52	3	2	6	30	16	2	5	2	1	1	2	2	4.730000e+00	6.757500e+02	2062	1	1
89	1	53	3	1	1	20	30	2	5	5	2	1	2	2	4.330000e+00	6.800800e+02	1976	1	2
89	1	54	3	2	1	32	19	5	2	5	1	1	2	2	4.920000e+00	6.850000e+02	4118	1	2
89	1	55	3	2	2	42	47	3	4	3	1	1	2	2	4.240000e+00	6.892400e+02	3212	1	1
89	1	56	3	2	3	35	49	2	4	2	1	1	2	2	4.880000e+00	6.941200e+02	1711	1	1
89	1	57	3	2	4	45	40	2	4	2	1	1	2	2	3.840000e+00	6.979600e+02	3316	1	1
89	1	58	3	1	1	23	34	2	4	4	2	1	2	2	3.460000e+00	7.014200e+02	2082	1	2
89	1	59	3	1	2	39	3	3	5	5	2	1	2	2	3.900000e+00	7.053200e+02	1813	1	1
89	1	60	3	2	1	38	15	2	3	2	1	1	2	2	4.560000e+00	7.098800e+02	3867	1	2
89	1	61	3	2	2	34	49	5	2	5	1	1	2	2	3.470000e+00	7.133500e+02	2965	1	1
89	1	62	3	1	1	8	7	5	3	4	0	0	0	0	0	7.133500e+02	358	NaN	NaN
89	1	63	3	1	2	33	44	4	3	4	1	1	1	1	2.070000e+00	7.154200e+02	4546	0	NaN
89	1	64	3	1	3	48	45	4	5	5	2	1	2	2	3.720000e+00	7.191400e+02	3959	1	2
89	1	65	3	2	1	29	3	2	3	3	2	1	1	1	2.060000e+00	7.212000e+02	1054	0	1
89	1	66	3	2	2	27	3	2	3	2	1	1	2	2	3.480000e+00	7.246800e+02	2192	1	2
89	1	67	3	2	3	11	28	4	3	3	2	1	1	1	2.010000e+00	7.266900e+02	2397	0	2
89	1	68	3	2	4	53	12	3	2	3	1	1	2	2	3.060000e+00	7.297500e+02	2748	1	2
89	1	69	3	2	5	12	19	5	2	5	1	1	2	2	3.770000e+00	7.335200e+02	2562	1	1
89	1	70	3	1	1	15	3	2	3	3	2	1	2	2	4.220000e+00	7.377400e+02	5463	1	2
89	1	71	3	1	2	5	7	4	2	2	2	1	2	2	3.850000e+00	7.415900e+02	2807	1	1
89	1	72	3	1	3	51	3	5	4	4	2	1	2	2	4.580000e+00	7.461700e+02	1663	1	1
89	1	73	3	1	4	33	34	3	5	5	2	1	2	2	3.700000e+00	7.498700e+02	4694	1	1
89	1	74	3	1	5	12	6	2	5	5	2	1	2	2	2.900000e+00	7.527700e+02	3250	1	1
89	1	75	3	2	1	6	26	2	5	2	1	1	2	2	3.420000e+00	7.561900e+02	2787	1	2
89	1	76	3	1	1	26	54	2	4	2	1	1	1	1	2.120000e+00	7.583100e+02	1504	0	1
89	1	77	3	1	2	42	29	5	4	4	2	1	2	2	3.950000e+00	7.622600e+02	1478	1	2
89	1	78	3	1	3	24	48	5	2	3	0	0	0	0	0	7.622600e+02	2116	NaN	NaN
89	1	79	3	1	4	29	13	5	3	3	2	1	2	2	4.180000e+00	7.664400e+02	1107	1	NaN
89	1	80	3	1	5	41	27	2	4	4	2	1	2	2	4.440000e+00	7.708800e+02	6597	1	1
89	1	81	3	1	6	13	40	4	5	5	2	1	2	2	3	7.738800e+02	4486	1	1
89	1	82	3	2	1	48	46	5	3	5	1	1	2	2	3.700000e+00	7.775800e+02	2142	1	2
89	1	83	3	2	2	36	53	5	4	5	1	1	2	2	3.670000e+00	7.812500e+02	2364	1	1
89	1	84	3	2	3	12	7	5	2	5	1	1	2	2	3.520000e+00	7.847700e+02	1324	1	1
89	1	1	4	1	1	15	39	5	2	5	1	1	1	1	1.980000e+00	7.867500e+02	2236	0	NaN
89	1	2	4	1	2	49	44	2	4	2	1	1	1	1	2.180000e+00	7.889300e+02	1782	0	1
89	1	3	4	1	3	50	9	3	4	4	2	1	2	2	3.980000e+00	7.929100e+02	5734	1	2
89	1	4	4	1	4	53	35	5	2	2	2	1	2	2	4.580000e+00	7.974900e+02	2006	1	1
89	1	5	4	2	1	10	26	4	5	4	1	1	2	2	3.670000e+00	8.011600e+02	7383	1	2
89	1	6	4	2	2	1	48	3	5	3	1	1	2	2	4	8.051600e+02	2619	1	1
89	1	7	4	1	1	31	30	2	5	5	2	1	2	2	3.630000e+00	8.087900e+02	2796	1	2
89	1	8	4	2	1	48	45	5	4	5	1	1	2	2	4.280000e+00	8.130700e+02	2686	1	2
89	1	9	4	2	2	42	22	2	3	2	1	1	2	2	3.880000e+00	8.169500e+02	3220	1	1
89	1	10	4	2	3	26	22	4	5	4	1	1	2	2	4.230000e+00	8.211800e+02	2046	1	1
89	1	11	4	2	4	44	13	5	3	5	1	1	2	2	4.310000e+00	8.254900e+02	3581	1	1
89	1	12	4	1	1	41	5	3	4	4	2	1	2	2	3.960000e+00	8.294500e+02	5068	1	2
89	1	13	4	1	2	22	48	3	5	5	2	1	2	2	4.420000e+00	8.338700e+02	3310	1	1
89	1	14	4	1	3	53	10	2	4	2	1	1	1	1	2.270000e+00	8.361400e+02	486	0	2
89	1	15	4	1	4	51	35	5	3	4	0	0	0	0	0	8.361400e+02	591	NaN	NaN
89	1	16	4	1	5	22	6	3	4	4	2	1	2	2	4.250000e+00	8.403900e+02	2581	1	NaN
89	1	17	4	2	1	28	33	5	4	5	1	1	2	2	3.990000e+00	8.443800e+02	5884	1	2
89	1	18	4	2	2	9	18	5	3	5	1	1	2	2	4.430000e+00	8.488100e+02	2413	1	1
89	1	19	4	2	3	51	33	4	2	4	1	1	2	2	4.030000e+00	8.528400e+02	3038	1	1
89	1	20	4	2	4	32	40	3	4	3	1	1	2	2	3.480000e+00	8.563200e+02	1717	1	1
89	1	21	4	2	5	43	49	2	4	2	1	1	2	2	4.230000e+00	8.605500e+02	3872	1	1
89	1	22	4	2	6	29	39	3	4	3	1	1	2	2	4	8.645500e+02	2149	1	1
89	1	23	4	1	1	8	33	5	4	3	0	0	0	0	0	8.645500e+02	2301	NaN	NaN
89	1	24	4	1	2	24	1	2	5	5	2	1	2	2	3.870000e+00	8.684200e+02	1882	1	NaN
89	1	25	4	1	3	6	38	2	5	5	2	1	2	2	4.600000e+00	8.730200e+02	3173	1	1
89	1	26	4	2	1	49	4	4	2	4	1	1	2	2	4.880000e+00	8.779000e+02	4827	1	2
89	1	27	4	1	1	22	38	2	4	4	2	1	2	2	3.750000e+00	8.816500e+02	2720	1	2
89	1	28	4	1	2	37	52	4	3	3	2	1	2	2	4.050000e+00	8.857000e+02	3511	1	1
89	1	29	4	1	3	31	34	2	4	4	2	1	2	2	3.620000e+00	8.893200e+02	2406	1	1
89	1	30	4	1	4	37	4	3	2	2	2	1	2	2	4.320000e+00	8.936400e+02	1727	1	1
89	1	31	4	1	5	34	14	2	5	5	2	1	2	2	2.890000e+00	8.965300e+02	2412	1	1
89	1	32	4	1	6	1	9	5	3	3	2	1	2	2	4.470000e+00	9.010000e+02	459	1	1
89	1	33	4	2	1	22	31	3	4	4	2	1	1	1	2.030000e+00	9.030300e+02	1220	0	1
89	1	34	4	2	2	41	24	2	3	2	1	1	2	2	4.120000e+00	9.071500e+02	3525	1	2
89	1	35	4	2	3	54	13	5	4	4	2	1	1	1	2.140000e+00	9.092900e+02	2147	0	2
89	1	36	4	1	1	6	52	4	5	5	2	1	2	2	3.870000e+00	9.131600e+02	2397	1	1
89	1	37	4	1	2	28	31	4	3	4	1	1	1	1	1.980000e+00	9.151400e+02	1317	0	2
89	1	38	4	2	1	36	47	3	2	4	0	0	0	0	0	9.151400e+02	3047	NaN	NaN
89	1	39	4	2	2	26	17	4	3	5	0	0	0	0	0	9.151400e+02	4	NaN	NaN
89	1	40	4	2	3	21	37	4	5	4	1	1	2	2	3.400000e+00	9.185400e+02	1406	1	NaN
89	1	41	4	2	4	19	34	5	2	5	1	1	2	2	3.220000e+00	9.217600e+02	1636	1	1
89	1	42	4	2	5	43	53	3	5	3	1	1	2	2	3.670000e+00	9.254300e+02	3181	1	1
89	1	43	4	1	1	27	7	3	4	3	1	1	1	1	2.030000e+00	9.274600e+02	1053	0	1
89	1	44	4	1	2	2	23	5	2	2	2	1	2	2	3.740000e+00	9.312000e+02	6997	1	2
89	1	45	4	2	1	35	47	5	4	5	1	1	2	2	3.370000e+00	9.345700e+02	1855	1	2
89	1	46	4	2	2	10	20	4	3	4	1	1	2	2	4.510000e+00	9.390800e+02	1333	1	1
89	1	47	4	2	3	46	25	2	3	2	1	1	2	2	3.660000e+00	9.427400e+02	3215	1	1
89	1	48	4	2	4	45	4	4	2	2	2	1	1	1	2	9.447400e+02	3398	0	2
89	1	49	4	2	5	26	36	4	2	2	2	1	1	1	2	9.467400e+02	6014	0	1
89	1	50	4	1	1	46	45	3	2	2	2	1	2	2	3.880000e+00	9.506200e+02	3423	1	1
89	1	51	4	1	2	26	20	4	3	3	2	1	2	2	4.190000e+00	9.548100e+02	2692	1	1
89	1	52	4	1	3	52	28	2	5	5	2	1	2	2	3.880000e+00	9.586900e+02	1604	1	1
89	1	53	4	2	1	53	42	2	4	2	1	1	2	2	3.220000e+00	9.619100e+02	2941	1	2
89	1	54	4	2	2	49	50	3	2	3	1	1	2	2	3.520000e+00	9.654300e+02	1308	1	1
89	1	55	4	2	3	36	23	5	4	5	1	1	2	2	4.110000e+00	9.695400e+02	4420	1	1
89	1	56	4	2	4	3	45	5	3	3	2	1	1	1	1.850000e+00	9.713900e+02	627	0	2
89	1	57	4	2	5	4	6	5	4	5	1	1	2	2	3.840000e+00	9.752300e+02	1734	1	2
89	1	58	4	2	6	53	46	3	5	4	0	0	0	0	0	9.752300e+02	3414	NaN	NaN
89	1	59	4	1	1	1	31	5	3	5	1	1	1	1	1.890000e+00	9.771200e+02	2327	0	NaN
89	1	60	4	1	2	53	3	3	5	5	2	1	2	2	3.450000e+00	9.805700e+02	2246	1	2
89	1	61	4	1	3	4	39	4	3	4	1	1	1	1	1.880000e+00	9.824500e+02	2379	0	2
89	1	62	4	1	4	3	15	2	3	3	2	1	2	2	3.810000e+00	9.862600e+02	2620	1	2
89	1	63	4	1	5	32	28	3	5	5	2	1	2	2	4.080000e+00	9.903400e+02	898	1	1
89	1	64	4	1	6	43	24	3	5	5	2	1	2	2	3.950000e+00	9.942900e+02	1700	1	1
89	1	65	4	2	1	13	19	3	2	3	1	1	2	2	4.500000e+00	9.987900e+02	1782	1	2
89	1	66	4	2	2	3	31	5	3	5	1	1	2	2	3.880000e+00	1.002670e+03	1976	1	1
89	1	67	4	2	3	7	1	2	5	2	1	1	2	2	3.280000e+00	1.005950e+03	1709	1	1
89	1	68	4	2	4	46	44	5	2	5	1	1	2	2	4	1.009950e+03	2740	1	1
89	1	69	4	1	1	47	27	3	2	2	2	1	2	2	4.030000e+00	1.013980e+03	4493	1	2
89	1	70	4	2	1	28	39	2	5	2	1	1	2	2	4.150000e+00	1.018130e+03	4790	1	2
89	1	71	4	2	2	6	44	4	5	4	1	1	2	2	4.240000e+00	1.022370e+03	6907	1	1
89	1	72	4	1	1	23	19	4	5	5	2	1	2	2	4.600000e+00	1.026970e+03	1448	1	2
89	1	73	4	1	2	30	44	5	2	2	2	1	2	2	3.740000e+00	1.030710e+03	3460	1	1
89	1	74	4	1	3	40	12	4	3	3	2	1	2	2	4.120000e+00	1.034830e+03	3415	1	1
89	1	75	4	1	4	41	27	2	3	3	2	1	2	2	3.990000e+00	1.038820e+03	1318	1	1
89	1	76	4	2	1	7	38	4	2	4	1	1	2	2	3.730000e+00	1.042550e+03	11259	1	2
89	1	77	4	1	1	37	54	4	2	2	2	1	2	2	5.010000e+00	1.047560e+03	1477	1	2
89	1	78	4	1	2	37	46	3	2	2	2	1	2	2	3.880000e+00	1.051440e+03	3958	1	1
89	1	79	4	1	3	7	54	2	3	3	2	1	2	2	3.340000e+00	1.054780e+03	5007	1	1
89	1	80	4	1	4	1	20	4	2	4	1	1	1	1	2.210000e+00	1.056990e+03	5990	0	2
89	1	81	4	1	5	8	35	4	5	5	2	1	2	2	4.150000e+00	1.061140e+03	11643	1	2
89	1	82	4	2	1	20	5	2	4	2	1	1	2	2	3.470000e+00	1.064610e+03	7031	1	2
89	1	83	4	2	2	13	29	5	2	2	2	1	1	1	2.070000e+00	1.066680e+03	5725	0	2
89	1	84	4	2	3	33	40	2	3	2	1	1	2	2	4.600000e+00	1.071280e+03	2259	1	2
