LEDIS1	Code = 2	
SubNo	Group(1=OptHighReward;2=OptLowReward)	Block_trial	Block	VarDist_cond	Run_number	Targ1_position	Targ2_position	Red_targ_digit	Blue_targ_digit	Response	Targ_Choice	Acc	OutcomeCond(0=inaccurate;1=lowReward;2=highReward)	OutcomeValue	Points	RT	Optimal_Choice	Repeat_Switch
2	2	1	0	2	1	40	48	5	3	4	0	0	NaN	0	0	14756	NaN	NaN
2	2	2	0	2	2	52	17	2	3	2	1	1	NaN	0	0	18479	1	NaN
2	2	3	0	2	3	3	6	3	2	2	2	1	NaN	0	0	5508	0	2
2	2	4	0	2	4	36	31	4	5	5	2	1	NaN	0	0	16510	0	1
2	2	5	0	2	5	7	16	3	2	4	0	0	NaN	0	0	9184	NaN	NaN
2	2	6	0	1	1	48	4	5	4	4	2	1	NaN	0	0	19835	1	NaN
2	2	7	0	1	2	34	7	3	4	4	2	1	NaN	0	0	7389	1	1
2	2	8	0	2	1	6	11	5	2	2	2	1	NaN	0	0	3021	0	1
2	2	9	0	2	2	27	6	3	2	2	2	1	NaN	0	0	5922	0	1
2	2	10	0	2	3	27	24	2	4	4	2	1	NaN	0	0	9441	0	1
2	2	1	1	2	1	30	2	3	2	2	2	1	2	5.000000e-01	5.000000e-01	18195	0	NaN
2	2	2	1	2	2	13	47	2	5	2	1	1	1	4.700000e-01	9.700000e-01	3293	1	2
2	2	3	1	2	3	20	44	2	5	2	1	1	1	5.500000e-01	1.520000e+00	11613	1	1
2	2	4	1	2	4	24	29	5	3	4	0	0	0	0	1.520000e+00	6870	NaN	NaN
2	2	5	1	2	5	19	38	4	3	4	1	1	1	4.700000e-01	1.990000e+00	4434	1	NaN
2	2	6	1	1	1	20	5	5	4	5	1	1	2	2.000000e-02	2.010000e+00	6054	0	1
2	2	7	1	1	2	53	45	4	2	4	1	1	2	6.100000e-01	2.620000e+00	5456	0	1
2	2	8	1	2	1	35	50	2	5	2	1	1	1	3.500000e-01	2.970000e+00	11761	1	1
2	2	9	1	2	2	4	15	4	3	5	0	0	0	0	2.970000e+00	4214	NaN	NaN
2	2	10	1	2	3	19	22	3	4	4	2	1	2	3.400000e-01	3.310000e+00	6585	0	NaN
2	2	11	1	2	4	2	14	4	5	5	2	1	2	6.000000e-02	3.370000e+00	4878	0	1
2	2	12	1	1	1	48	11	3	2	2	2	1	1	3.600000e-01	3.730000e+00	11615	1	1
2	2	13	1	1	2	24	28	5	2	2	2	1	1	3.800000e-01	4.110000e+00	3971	1	1
2	2	14	1	1	3	52	38	4	3	4	1	1	2	3.100000e-01	4.420000e+00	13063	0	2
2	2	15	1	1	4	11	19	4	5	4	1	1	2	5.800000e-01	5.000000e+00	1007	0	1
2	2	16	1	1	5	52	42	4	5	5	2	1	1	4.900000e-01	5.490000e+00	24606	1	2
2	2	17	1	1	6	15	1	5	3	4	0	0	0	0	5.490000e+00	1134	NaN	NaN
2	2	18	1	2	1	8	21	5	4	4	2	1	2	1	6.490000e+00	4910	0	NaN
2	2	19	1	2	2	40	33	5	3	5	1	1	1	4.700000e-01	6.960000e+00	6944	1	2
2	2	20	1	2	3	50	26	2	5	2	1	1	1	3.200000e-01	7.280000e+00	2855	1	1
2	2	21	1	1	1	19	33	2	3	2	1	1	2	5.000000e-01	7.780000e+00	5682	0	1
2	2	22	1	1	2	23	8	5	2	5	1	1	2	5.300000e-01	8.310000e+00	4287	0	1
2	2	23	1	1	3	48	19	5	2	2	2	1	1	5.400000e-01	8.850000e+00	2161	1	2
2	2	24	1	1	4	44	47	3	2	2	2	1	1	5.600000e-01	9.410000e+00	3433	1	1
2	2	25	1	1	5	29	53	5	2	5	1	1	2	1.100000e+00	1.051000e+01	4273	0	2
2	2	26	1	2	1	11	27	5	4	4	2	1	2	2.400000e-01	1.075000e+01	3119	0	2
2	2	27	1	2	2	53	5	4	3	4	1	1	1	5.300000e-01	1.128000e+01	3808	1	2
2	2	28	1	1	1	27	38	2	3	4	0	0	0	0	1.128000e+01	3670	NaN	NaN
2	2	29	1	1	2	1	49	4	2	2	2	1	1	5.000000e-01	1.178000e+01	4062	1	NaN
2	2	30	1	1	3	4	2	5	4	5	1	1	2	2.300000e-01	1.201000e+01	6518	0	2
2	2	31	1	2	1	50	34	2	3	4	0	0	0	0	1.201000e+01	5872	NaN	NaN
2	2	32	1	2	2	26	23	5	3	4	0	0	0	0	1.201000e+01	5819	NaN	NaN
2	2	33	1	2	3	34	39	4	3	5	0	0	0	0	1.201000e+01	4088	NaN	NaN
2	2	34	1	2	4	35	23	2	5	2	1	1	1	7.500000e-01	1.276000e+01	3099	1	NaN
2	2	35	1	2	5	1	40	3	5	4	0	0	0	0	1.276000e+01	7205	NaN	NaN
2	2	36	1	2	6	22	27	2	4	5	0	0	0	0	1.276000e+01	6685	NaN	NaN
2	2	37	1	1	1	34	26	2	4	4	2	1	1	4.700000e-01	1.323000e+01	9763	1	NaN
2	2	38	1	1	2	45	46	5	2	2	2	1	1	3.300000e-01	1.356000e+01	5815	1	1
2	2	39	1	1	3	12	16	4	2	2	2	1	1	7.100000e-01	1.427000e+01	1920	1	1
2	2	40	1	1	4	19	8	4	2	2	2	1	1	5.400000e-01	1.481000e+01	2142	1	1
2	2	41	1	2	1	3	13	4	5	5	2	1	2	7.900000e-01	1.560000e+01	2024	0	1
2	2	42	1	1	1	16	19	3	2	2	2	1	1	6.500000e-01	1.625000e+01	4881	1	1
2	2	43	1	2	1	42	27	4	5	5	2	1	2	8.000000e-02	1.633000e+01	7420	0	1
2	2	44	1	2	2	14	2	5	4	4	2	1	2	5.600000e-01	1.689000e+01	2008	0	1
2	2	45	1	2	3	35	29	5	3	5	1	1	1	4.800000e-01	1.737000e+01	3201	1	2
2	2	46	1	2	4	54	31	4	2	4	1	1	1	3.600000e-01	1.773000e+01	5361	1	1
2	2	47	1	2	5	37	19	2	5	5	2	1	2	1.060000e+00	1.879000e+01	4872	0	2
2	2	48	1	1	1	38	48	2	4	2	1	1	2	4.900000e-01	1.928000e+01	5592	0	2
2	2	49	1	1	2	41	42	4	3	4	1	1	2	7.500000e-01	2.003000e+01	7039	0	1
2	2	50	1	1	3	51	12	4	2	4	1	1	2	1.600000e-01	2.019000e+01	5585	0	1
2	2	51	1	1	4	36	26	3	4	5	0	0	0	0	2.019000e+01	4296	NaN	NaN
2	2	52	1	2	1	44	5	5	2	2	2	1	2	1.900000e-01	2.038000e+01	1611	0	NaN
2	2	53	1	2	2	3	9	3	2	4	0	0	0	0	2.038000e+01	3055	NaN	NaN
2	2	54	1	2	3	9	37	2	4	2	1	1	1	5.400000e-01	2.092000e+01	3091	1	NaN
2	2	55	1	1	1	51	20	3	5	4	0	0	0	0	2.092000e+01	7072	NaN	NaN
2	2	56	1	1	2	48	10	3	5	5	2	1	1	5.100000e-01	2.143000e+01	5616	1	NaN
2	2	57	1	1	3	45	6	4	5	5	2	1	1	7.200000e-01	2.215000e+01	8919	1	1
2	2	58	1	2	1	13	9	2	3	5	0	0	0	0	2.215000e+01	6732	NaN	NaN
2	2	59	1	1	1	9	47	2	3	2	1	1	2	3.700000e-01	2.252000e+01	1305	0	NaN
2	2	60	1	1	2	16	35	3	5	4	0	0	0	0	2.252000e+01	7568	NaN	NaN
2	2	61	1	2	1	49	30	3	5	4	0	0	0	0	2.252000e+01	9396	NaN	NaN
2	2	62	1	2	2	24	38	5	4	2	0	0	0	0	2.252000e+01	7555	NaN	NaN
2	2	63	1	2	3	2	42	5	4	3	0	0	0	0	2.252000e+01	106	NaN	NaN
2	2	64	1	2	4	22	14	5	3	3	2	1	2	1.540000e+00	2.406000e+01	4055	0	NaN
2	2	65	1	1	1	3	30	3	5	5	2	1	1	6.800000e-01	2.474000e+01	4351	1	1
2	2	66	1	1	2	30	52	3	4	4	2	1	1	2.700000e-01	2.501000e+01	2274	1	1
2	2	67	1	1	3	2	39	3	4	4	2	1	1	3.000000e-01	2.531000e+01	1721	1	1
2	2	68	1	1	4	45	34	2	5	2	1	1	2	2.300000e-01	2.554000e+01	12631	0	2
2	2	69	1	1	5	19	54	2	3	2	1	1	2	4.100000e-01	2.595000e+01	8720	0	1
2	2	70	1	1	6	52	54	4	3	4	1	1	2	5.000000e-01	2.645000e+01	4680	0	1
2	2	71	1	2	1	31	35	4	2	4	1	1	1	6.000000e-01	2.705000e+01	8238	1	1
2	2	72	1	2	2	36	27	5	3	4	0	0	0	0	2.705000e+01	1191	NaN	NaN
2	2	73	1	2	3	49	28	3	2	2	2	1	2	1.600000e-01	2.721000e+01	1458	0	NaN
2	2	74	1	2	4	3	47	2	4	4	2	1	2	1.600000e-01	2.737000e+01	6286	0	1
2	2	75	1	2	5	20	15	3	4	4	2	1	2	4.100000e-01	2.778000e+01	1848	0	1
2	2	76	1	2	6	45	27	3	4	4	2	1	2	4.900000e-01	2.827000e+01	3221	0	1
2	2	77	1	1	1	13	28	3	5	5	2	1	1	5.300000e-01	2.880000e+01	1592	1	1
2	2	78	1	2	1	18	16	5	2	2	2	1	2	1	2.980000e+01	1392	0	1
2	2	79	1	2	2	22	26	2	4	4	2	1	2	7.900000e-01	3.059000e+01	3224	0	1
2	2	80	1	1	1	50	15	4	5	4	1	1	2	8.300000e-01	3.142000e+01	3117	0	2
2	2	81	1	1	2	49	14	3	2	3	1	1	2	8.800000e-01	3.230000e+01	4494	0	1
2	2	82	1	1	3	6	22	3	4	3	1	1	2	8.000000e-01	3.310000e+01	2386	0	1
2	2	83	1	1	4	43	2	2	4	4	2	1	1	6.500000e-01	3.375000e+01	2185	1	2
2	2	84	1	1	5	46	30	2	3	2	1	1	2	6.500000e-01	3.440000e+01	7864	0	2
2	2	1	2	2	1	39	8	5	2	2	2	1	2	1.800000e-01	3.458000e+01	3826	0	NaN
2	2	2	2	2	2	41	20	2	4	2	1	1	1	4.800000e-01	3.506000e+01	5305	1	2
2	2	3	2	2	3	1	15	3	4	3	1	1	1	2.100000e-01	3.527000e+01	6569	1	1
2	2	4	2	2	4	43	35	4	2	2	2	1	2	7.200000e-01	3.599000e+01	5369	0	2
2	2	5	2	1	1	22	28	5	4	5	1	1	2	5.600000e-01	3.655000e+01	2336	0	2
2	2	6	2	1	2	18	14	2	3	2	1	1	2	2.200000e-01	3.677000e+01	2277	0	1
2	2	7	2	1	3	8	11	3	2	2	2	1	1	4.200000e-01	3.719000e+01	3440	1	2
2	2	8	2	1	4	38	9	4	3	4	1	1	2	4.800000e-01	3.767000e+01	4048	0	2
2	2	9	2	1	5	20	28	2	4	2	1	1	2	6.800000e-01	3.835000e+01	3600	0	1
2	2	10	2	1	6	6	53	3	2	4	0	0	0	0	3.835000e+01	4434	NaN	NaN
2	2	11	2	2	1	27	42	4	5	4	1	1	1	4.600000e-01	3.881000e+01	8188	1	NaN
2	2	12	2	2	2	35	30	4	3	4	1	1	1	4.400000e-01	3.925000e+01	3137	1	1
2	2	13	2	2	3	35	14	5	4	5	1	1	1	5.000000e-01	3.975000e+01	1312	1	1
2	2	14	2	2	4	9	49	3	5	3	1	1	1	4.800000e-01	4.023000e+01	1810	1	1
2	2	15	2	2	5	41	40	2	5	5	2	1	2	5.000000e-02	4.028000e+01	3619	0	2
2	2	16	2	1	1	50	2	4	3	3	2	1	1	6.500000e-01	4.093000e+01	5197	1	1
2	2	17	2	1	2	23	51	4	3	4	1	1	2	7.100000e-01	4.164000e+01	2687	0	2
2	2	18	2	1	3	48	26	5	3	3	2	1	1	6.500000e-01	4.229000e+01	4206	1	2
2	2	19	2	1	4	54	10	3	4	3	1	1	2	2.700000e-01	4.256000e+01	4041	0	2
2	2	20	2	1	5	7	29	5	3	5	1	1	2	8.800000e-01	4.344000e+01	4644	0	1
2	2	21	2	2	1	4	49	2	4	4	2	1	2	5.200000e-01	4.396000e+01	4647	0	2
2	2	22	2	2	2	19	41	4	5	5	2	1	2	1.400000e-01	4.410000e+01	4590	0	1
2	2	23	2	2	3	10	40	4	5	5	2	1	2	4.600000e-01	4.456000e+01	1946	0	1
2	2	24	2	2	4	11	19	2	5	2	1	1	1	2.600000e-01	4.482000e+01	2727	1	2
2	2	25	2	2	5	45	7	2	5	5	2	1	2	1.010000e+00	4.583000e+01	1623	0	2
2	2	26	2	2	6	35	4	5	3	3	2	1	2	4.000000e-02	4.587000e+01	2209	0	1
2	2	27	2	1	1	8	31	3	4	4	2	1	1	4.200000e-01	4.629000e+01	3183	1	1
2	2	28	2	2	1	37	29	4	5	4	1	1	1	6.600000e-01	4.695000e+01	4162	1	2
2	2	29	2	2	2	23	10	2	3	3	2	1	2	7.000000e-02	4.702000e+01	1438	0	2
2	2	30	2	2	3	37	20	5	2	5	1	1	1	4.500000e-01	4.747000e+01	5015	1	2
2	2	31	2	1	1	52	4	4	2	2	2	1	1	4.400000e-01	4.791000e+01	1277	1	2
2	2	32	2	1	2	2	28	3	2	3	1	1	2	1.260000e+00	4.917000e+01	1264	0	2
2	2	33	2	2	1	53	13	3	5	5	2	1	2	5.400000e-01	4.971000e+01	2705	0	2
2	2	34	2	1	1	12	8	2	5	2	1	1	2	1.320000e+00	5.103000e+01	1216	0	2
2	2	35	2	1	2	24	15	2	3	2	1	1	2	1.410000e+00	5.244000e+01	2495	0	1
2	2	36	2	1	3	30	26	3	5	3	1	1	2	1.270000e+00	5.371000e+01	4553	0	1
2	2	37	2	2	1	35	4	5	3	3	2	1	2	4.000000e-01	5.411000e+01	3809	0	2
2	2	38	2	2	2	23	43	4	2	4	1	1	1	4.800000e-01	5.459000e+01	3245	1	2
2	2	39	2	1	1	27	46	3	4	3	1	1	2	6.400000e-01	5.523000e+01	3007	0	1
2	2	40	2	1	2	28	10	2	4	3	0	0	0	0	5.523000e+01	3103	NaN	NaN
2	2	41	2	1	3	51	52	5	4	4	2	1	1	4.300000e-01	5.566000e+01	7232	1	NaN
2	2	42	2	1	4	24	21	3	5	5	2	1	1	3.800000e-01	5.604000e+01	6918	1	1
2	2	43	2	2	1	49	29	4	2	4	1	1	1	4.500000e-01	5.649000e+01	6530	1	2
2	2	44	2	2	2	53	52	4	3	3	2	1	2	1.010000e+00	5.750000e+01	2449	0	2
2	2	45	2	2	3	54	51	3	2	2	2	1	2	1.620000e+00	5.912000e+01	2439	0	1
2	2	46	2	2	4	36	38	5	2	2	2	1	2	6.100000e-01	5.973000e+01	2436	0	1
2	2	47	2	2	5	12	52	5	2	2	2	1	2	3.700000e-01	6.010000e+01	1999	0	1
2	2	48	2	2	6	21	17	3	4	3	1	1	1	5.800000e-01	6.068000e+01	2901	1	2
2	2	49	2	1	1	5	15	4	5	4	1	1	2	2.700000e-01	6.095000e+01	9654	0	1
2	2	50	2	1	2	2	13	3	2	3	1	1	2	1.380000e+00	6.233000e+01	1840	0	1
2	2	51	2	2	1	24	28	5	4	5	1	1	1	6.300000e-01	6.296000e+01	886	1	1
2	2	52	2	2	2	19	4	2	3	2	1	1	1	3.600000e-01	6.332000e+01	2024	1	1
2	2	53	2	2	3	30	6	5	2	5	1	1	1	4.200000e-01	6.374000e+01	2872	1	1
2	2	54	2	2	4	14	19	3	2	3	1	1	1	6.600000e-01	6.440000e+01	1990	1	1
2	2	55	2	2	5	41	51	2	5	2	1	1	1	5.500000e-01	6.495000e+01	1790	1	1
2	2	56	2	1	1	41	36	4	2	2	2	1	1	5.500000e-01	6.550000e+01	2384	1	2
2	2	57	2	1	2	52	4	2	4	2	1	1	2	6.100000e-01	6.611000e+01	3218	0	2
2	2	58	2	1	3	51	11	3	2	2	2	1	1	5.800000e-01	6.669000e+01	4423	1	2
2	2	59	2	1	4	37	49	2	3	2	1	1	2	2.000000e-01	6.689000e+01	3350	0	2
2	2	60	2	2	1	7	33	3	4	3	1	1	1	3.800000e-01	6.727000e+01	1130	1	1
2	2	61	2	2	2	35	1	4	5	5	2	1	2	4.100000e-01	6.768000e+01	3776	0	2
2	2	62	2	2	3	46	38	2	3	3	2	1	2	0	6.768000e+01	2719	0	1
2	2	63	2	1	1	7	52	5	3	5	1	1	2	4.700000e-01	6.815000e+01	6234	0	2
2	2	64	2	1	2	37	53	4	2	4	1	1	2	6.300000e-01	6.878000e+01	9656	0	1
2	2	65	2	1	3	35	12	2	4	2	1	1	2	1.150000e+00	6.993000e+01	2192	0	1
2	2	66	2	1	4	18	40	5	4	5	1	1	2	5.800000e-01	7.051000e+01	4808	0	1
2	2	67	2	1	5	9	25	3	5	5	2	1	1	4.400000e-01	7.095000e+01	5622	1	2
2	2	68	2	1	6	21	9	3	5	3	1	1	2	1.270000e+00	7.222000e+01	6055	0	2
2	2	69	2	2	1	38	43	4	5	5	2	1	2	8.900000e-01	7.311000e+01	7240	0	2
2	2	70	2	2	2	53	54	3	4	4	2	1	2	6.100000e-01	7.372000e+01	2173	0	1
2	2	71	2	2	3	27	33	4	3	3	2	1	2	8.200000e-01	7.454000e+01	2552	0	1
2	2	72	2	2	4	33	36	5	2	2	2	1	2	2.600000e-01	7.480000e+01	2664	0	1
2	2	73	2	1	1	34	29	5	4	5	1	1	2	9.000000e-01	7.570000e+01	2790	0	2
2	2	74	2	1	2	23	52	2	5	2	1	1	2	6.300000e-01	7.633000e+01	2904	0	1
2	2	75	2	1	3	19	30	2	4	2	1	1	2	7.900000e-01	7.712000e+01	5024	0	1
2	2	76	2	2	1	16	45	4	3	4	1	1	1	3.800000e-01	7.750000e+01	3376	1	1
2	2	77	2	2	2	48	21	5	4	4	2	1	2	1.220000e+00	7.872000e+01	3663	0	2
2	2	78	2	1	1	22	26	5	2	2	2	1	1	5.500000e-01	7.927000e+01	11151	1	1
2	2	79	2	2	1	37	42	2	5	2	1	1	1	2.700000e-01	7.954000e+01	1862	1	2
2	2	80	2	1	1	51	4	5	3	5	1	1	2	7.200000e-01	8.026000e+01	5304	0	1
2	2	81	2	1	2	11	16	3	5	3	1	1	2	1.100000e+00	8.136000e+01	1296	0	1
2	2	82	2	1	3	11	26	4	2	4	1	1	2	8.000000e-01	8.216000e+01	4308	0	1
2	2	83	2	1	4	43	37	2	3	3	2	1	1	6.600000e-01	8.282000e+01	3758	1	2
2	2	84	2	1	5	16	48	5	3	5	1	1	2	1.120000e+00	8.394000e+01	1112	0	2
2	2	1	3	1	1	51	34	3	2	2	2	1	1	3.900000e-01	8.433000e+01	2995	1	NaN
2	2	2	3	1	2	2	20	2	4	2	1	1	2	1.340000e+00	8.567000e+01	1488	0	2
2	2	3	3	1	3	5	24	2	4	4	2	1	1	5.500000e-01	8.622000e+01	2911	1	2
2	2	4	3	1	4	7	35	2	3	2	1	1	2	5.100000e-01	8.673000e+01	1744	0	2
2	2	5	3	1	5	10	8	3	2	2	2	1	1	4.500000e-01	8.718000e+01	1662	1	2
2	2	6	3	2	1	6	24	3	2	3	1	1	1	3.200000e-01	8.750000e+01	3911	1	2
2	2	7	3	2	2	54	44	5	4	5	1	1	1	5.300000e-01	8.803000e+01	5025	1	1
2	2	8	3	1	1	53	1	2	5	2	1	1	2	1.000000e-01	8.813000e+01	4482	0	1
2	2	9	3	1	2	13	22	5	2	5	1	1	2	4.000000e-01	8.853000e+01	2273	0	1
2	2	10	3	2	1	23	41	3	4	3	1	1	1	5.900000e-01	8.912000e+01	8404	1	1
2	2	11	3	2	2	6	24	4	5	4	1	1	1	5.400000e-01	8.966000e+01	1207	1	1
2	2	12	3	2	3	27	8	5	2	5	1	1	1	3.400000e-01	9.000000e+01	4433	1	1
2	2	13	3	2	4	2	53	2	4	2	1	1	1	6.700000e-01	9.067000e+01	2424	1	1
2	2	14	3	2	5	51	52	4	2	4	1	1	1	5.000000e-01	9.117000e+01	1248	1	1
2	2	15	3	1	1	30	31	4	5	4	1	1	2	1.380000e+00	9.255000e+01	1127	0	1
2	2	16	3	1	2	43	8	2	3	3	2	1	1	3.600000e-01	9.291000e+01	4334	1	2
2	2	17	3	1	3	51	25	4	5	4	1	1	2	1.300000e-01	9.304000e+01	2441	0	2
2	2	18	3	1	4	9	29	3	5	5	2	1	1	4.100000e-01	9.345000e+01	15389	1	2
2	2	19	3	2	1	38	47	2	5	2	1	1	1	4.900000e-01	9.394000e+01	4511	1	2
2	2	20	3	2	2	53	18	5	4	5	1	1	1	3.800000e-01	9.432000e+01	4249	1	1
2	2	21	3	2	3	14	21	2	5	2	1	1	1	3.900000e-01	9.471000e+01	2488	1	1
2	2	22	3	2	4	22	7	3	5	3	1	1	1	2.200000e-01	9.493000e+01	3592	1	1
2	2	23	3	2	5	42	16	2	4	2	1	1	1	4.000000e-01	9.533000e+01	2904	1	1
2	2	24	3	2	6	4	8	2	5	2	1	1	1	5.300000e-01	9.586000e+01	13144	1	1
2	2	25	3	1	1	51	25	4	2	2	2	1	1	4.800000e-01	9.634000e+01	7383	1	2
2	2	26	3	1	2	37	4	5	4	4	2	1	1	4.800000e-01	9.682000e+01	1736	1	1
2	2	27	3	1	3	12	35	3	2	2	2	1	1	4.900000e-01	9.731000e+01	4177	1	1
2	2	28	3	1	4	48	31	5	2	5	1	1	2	5.800000e-01	9.789000e+01	2079	0	2
2	2	29	3	1	5	12	34	4	3	3	2	1	1	4.400000e-01	9.833000e+01	3000	1	2
2	2	30	3	1	6	5	26	5	3	3	2	1	1	4.200000e-01	9.875000e+01	1038	1	1
2	2	31	3	2	1	39	44	3	5	5	2	1	2	7.400000e-01	9.949000e+01	4815	0	1
2	2	32	3	2	2	51	50	4	5	5	2	1	2	3.000000e-01	9.979000e+01	3161	0	1
2	2	33	3	2	3	42	14	2	4	4	2	1	2	6.100000e-01	1.004000e+02	10724	0	1
2	2	34	3	2	4	51	7	4	3	3	2	1	2	5.000000e-02	1.004500e+02	3912	0	1
2	2	35	3	1	1	33	24	5	2	5	1	1	2	4.300000e-01	1.008800e+02	2805	0	2
2	2	36	3	2	1	53	37	5	3	5	1	1	1	5.900000e-01	1.014700e+02	4819	1	1
2	2	37	3	2	2	38	15	3	2	3	1	1	1	4.000000e-01	1.018700e+02	3271	1	1
2	2	38	3	2	3	1	2	4	2	4	1	1	1	5.200000e-01	1.023900e+02	4043	1	1
2	2	39	3	1	1	10	47	3	4	4	2	1	1	4.700000e-01	1.028600e+02	5262	1	2
2	2	40	3	1	2	22	27	5	3	5	1	1	2	4.600000e-01	1.033200e+02	2161	0	2
2	2	41	3	1	3	11	9	4	5	4	1	1	2	3.300000e-01	1.036500e+02	5649	0	1
2	2	42	3	2	1	41	48	3	4	4	2	1	2	4.300000e-01	1.040800e+02	1495	0	2
2	2	43	3	1	1	27	54	4	5	4	1	1	2	1.160000e+00	1.052400e+02	1641	0	2
2	2	44	3	1	2	26	33	3	5	5	2	1	1	5.800000e-01	1.058200e+02	5064	1	2
2	2	45	3	1	3	39	51	4	2	4	1	1	2	3.200000e-01	1.061400e+02	3009	0	2
2	2	46	3	2	1	4	25	2	3	3	2	1	2	1.900000e-01	1.063300e+02	10887	0	2
2	2	47	3	2	2	26	49	2	5	2	1	1	1	5.300000e-01	1.068600e+02	1569	1	2
2	2	48	3	2	3	46	52	3	2	3	1	1	1	4.500000e-01	1.073100e+02	1336	1	1
2	2	49	3	2	4	29	35	3	4	3	1	1	1	4.400000e-01	1.077500e+02	3049	1	1
2	2	50	3	2	5	25	37	4	2	4	1	1	1	5.100000e-01	1.082600e+02	4936	1	1
2	2	51	3	2	6	26	50	5	4	5	1	1	1	6.500000e-01	1.089100e+02	3485	1	1
2	2	52	3	1	1	38	31	2	5	5	2	1	1	2.000000e-01	1.091100e+02	5016	1	2
2	2	53	3	1	2	21	28	5	2	2	2	1	1	5.700000e-01	1.096800e+02	5945	1	1
2	2	54	3	1	3	54	39	3	2	3	1	1	2	2.000000e-02	1.097000e+02	2552	0	2
2	2	55	3	1	4	11	25	5	3	5	1	1	2	9.500000e-01	1.106500e+02	840	0	1
2	2	56	3	1	5	37	8	2	3	3	2	1	1	2.100000e-01	1.108600e+02	1221	1	2
2	2	57	3	1	6	18	24	2	4	4	2	1	1	4.700000e-01	1.113300e+02	1413	1	1
2	2	58	3	2	1	25	17	5	3	5	1	1	1	5.100000e-01	1.118400e+02	3096	1	2
2	2	59	3	2	2	43	13	5	3	5	1	1	1	4.500000e-01	1.122900e+02	6088	1	1
2	2	60	3	2	3	49	51	4	3	4	1	1	1	4.800000e-01	1.127700e+02	4361	1	1
2	2	61	3	2	4	21	27	3	5	3	1	1	1	3.200000e-01	1.130900e+02	2357	1	1
2	2	62	3	1	1	10	4	4	3	4	1	1	2	1.200000e-01	1.132100e+02	1022	0	1
2	2	63	3	1	2	53	4	4	2	4	1	1	2	6.700000e-01	1.138800e+02	1864	0	1
2	2	64	3	1	3	16	23	3	4	3	1	1	2	2.200000e-01	1.141000e+02	3103	0	1
2	2	65	3	1	4	45	34	5	3	3	2	1	1	6.800000e-01	1.147800e+02	1161	1	2
2	2	66	3	1	5	13	52	2	5	2	1	1	2	5.700000e-01	1.153500e+02	3257	0	2
2	2	67	3	2	1	14	23	4	3	4	1	1	1	2.800000e-01	1.156300e+02	4856	1	1
2	2	68	3	2	2	48	43	2	3	2	1	1	1	4.500000e-01	1.160800e+02	664	1	1
2	2	69	3	2	3	39	44	4	5	4	1	1	1	4.200000e-01	1.165000e+02	5974	1	1
2	2	70	3	2	4	46	44	3	4	4	2	1	2	5.500000e-01	1.170500e+02	4128	0	2
2	2	71	3	2	5	48	42	2	3	2	1	1	1	4.700000e-01	1.175200e+02	4977	1	2
2	2	72	3	1	1	7	35	5	4	5	1	1	2	3.700000e-01	1.178900e+02	1991	0	1
2	2	73	3	2	1	10	25	2	4	2	1	1	1	4.100000e-01	1.183000e+02	1025	1	1
2	2	74	3	2	2	51	15	5	2	5	1	1	1	4.900000e-01	1.187900e+02	1594	1	1
2	2	75	3	2	3	37	15	3	5	5	2	1	2	7.900000e-01	1.195800e+02	1823	0	2
2	2	76	3	1	1	49	2	4	3	4	1	1	2	1.900000e-01	1.197700e+02	2264	0	2
2	2	77	3	1	2	25	2	4	2	4	1	1	2	4.300000e-01	1.202000e+02	7192	0	1
2	2	78	3	1	3	47	43	5	4	4	2	1	1	5.300000e-01	1.207300e+02	7789	1	2
2	2	79	3	1	4	38	28	3	4	4	2	1	1	4.900000e-01	1.212200e+02	2750	1	1
2	2	80	3	2	1	11	23	5	4	4	2	1	2	1.320000e+00	1.225400e+02	3281	0	1
2	2	81	3	1	1	21	28	2	3	3	2	1	1	6.900000e-01	1.232300e+02	4423	1	1
2	2	82	3	1	2	10	12	3	5	5	2	1	1	5.700000e-01	1.238000e+02	1288	1	1
2	2	83	3	2	1	44	21	5	2	2	2	1	2	5.400000e-01	1.243400e+02	3713	0	1
2	2	84	3	2	2	3	43	4	3	4	1	1	1	4.000000e-01	1.247400e+02	11393	1	2
