LEDIS1	Code = 9	
SubNo	Group(1=OptHighReward;2=OptLowReward)	Block_trial	Block	VarDist_cond	Run_number	Targ1_position	Targ2_position	Red_targ_digit	Blue_targ_digit	Response	Targ_Choice	Acc	OutcomeCond(0=inaccurate;1=lowReward;2=highReward)	OutcomeValue	Points	RT	Optimal_Choice	Repeat_Switch
9	1	1	0	2	1	23	41	2	4	4	2	1	NaN	0	0	6696	0	NaN
9	1	2	0	2	2	32	27	5	3	3	2	1	NaN	0	0	11561	0	1
9	1	3	0	2	3	12	24	2	5	5	2	1	NaN	0	0	7536	0	1
9	1	4	0	1	1	42	15	2	5	2	1	1	NaN	0	0	4536	0	2
9	1	5	0	1	2	22	11	2	4	2	1	1	NaN	0	0	1785	0	1
9	1	6	0	1	3	20	34	5	3	3	2	1	NaN	0	0	5790	1	2
9	1	7	0	2	1	13	32	3	5	3	1	1	NaN	0	0	5884	1	2
9	1	8	0	2	2	38	16	3	5	2	0	0	NaN	0	0	6630	NaN	NaN
9	1	9	0	2	3	22	40	5	3	3	2	1	NaN	0	0	2137	0	NaN
9	1	10	0	2	4	10	53	5	3	5	1	1	NaN	0	0	8041	1	2
9	1	1	1	2	1	33	15	4	2	2	2	1	1	3.900000e-01	3.900000e-01	3748	0	NaN
9	1	2	1	2	2	33	8	3	4	4	2	1	1	3.600000e-01	7.500000e-01	3227	0	1
9	1	3	1	2	3	21	51	2	5	2	1	1	2	2.000000e-02	7.700000e-01	3119	1	2
9	1	4	1	1	1	10	33	2	3	3	2	1	2	3.100000e-01	1.080000e+00	2232	1	2
9	1	5	1	1	2	22	23	3	4	3	1	1	1	5.200000e-01	1.600000e+00	3868	0	2
9	1	6	1	1	3	1	43	5	3	5	1	1	1	4.900000e-01	2.090000e+00	1943	0	1
9	1	7	1	2	1	11	38	4	2	2	2	1	1	6.300000e-01	2.720000e+00	2311	0	2
9	1	8	1	2	2	46	17	5	4	4	2	1	1	4.700000e-01	3.190000e+00	2471	0	1
9	1	9	1	2	3	24	1	2	3	2	1	1	2	5.000000e-01	3.690000e+00	6123	1	2
9	1	10	1	2	4	13	14	2	4	2	1	1	2	5.300000e-01	4.220000e+00	5755	1	1
9	1	11	1	2	5	10	18	2	4	4	2	1	1	5.400000e-01	4.760000e+00	3890	0	2
9	1	12	1	2	6	23	48	5	2	5	1	1	2	7.400000e-01	5.500000e+00	3140	1	2
9	1	13	1	1	1	54	6	3	4	4	2	1	2	1.100000e+00	6.600000e+00	3364	1	2
9	1	14	1	1	2	24	32	3	5	5	2	1	2	2.400000e-01	6.840000e+00	1731	1	1
9	1	15	1	1	3	49	12	2	5	2	1	1	1	5.300000e-01	7.370000e+00	2667	0	2
9	1	16	1	1	4	7	53	4	2	2	2	1	2	4.900000e-01	7.860000e+00	1325	1	2
9	1	17	1	1	5	48	14	2	5	5	2	1	2	2.300000e-01	8.090000e+00	2358	1	1
9	1	18	1	2	1	54	4	5	4	4	2	1	1	7.500000e-01	8.840000e+00	1757	0	1
9	1	19	1	2	2	27	26	3	2	4	0	0	0	0	8.840000e+00	2836	NaN	NaN
9	1	20	1	1	1	13	11	2	3	3	2	1	2	3.800000e-01	9.220000e+00	1703	1	NaN
9	1	21	1	1	2	31	11	3	4	4	2	1	2	1.330000e+00	1.055000e+01	1576	1	1
9	1	22	1	1	3	47	34	3	5	5	2	1	2	6.500000e-01	1.120000e+01	1894	1	1
9	1	23	1	1	4	38	24	5	4	5	1	1	1	3.700000e-01	1.157000e+01	5400	0	2
9	1	24	1	2	1	39	18	3	5	5	2	1	1	5.700000e-01	1.214000e+01	2174	0	2
9	1	25	1	2	2	13	28	5	2	2	2	1	1	6.500000e-01	1.279000e+01	2156	0	1
9	1	26	1	2	3	24	29	3	2	2	2	1	1	3.900000e-01	1.318000e+01	1195	0	1
9	1	27	1	2	4	31	13	2	4	4	2	1	1	5.200000e-01	1.370000e+01	4009	0	1
9	1	28	1	1	1	36	47	5	2	2	2	1	2	4.300000e-01	1.413000e+01	6214	1	1
9	1	29	1	1	2	4	39	5	3	5	1	1	1	3.600000e-01	1.449000e+01	6619	0	2
9	1	30	1	1	3	47	9	4	5	5	2	1	2	1.060000e+00	1.555000e+01	1255	1	2
9	1	31	1	1	4	20	32	3	5	5	2	1	2	4.900000e-01	1.604000e+01	3075	1	1
9	1	32	1	1	5	40	46	4	5	5	2	1	2	7.500000e-01	1.679000e+01	5533	1	1
9	1	33	1	1	6	28	52	4	5	4	1	1	1	4.200000e-01	1.721000e+01	4037	0	2
9	1	34	1	2	1	2	33	5	3	3	2	1	1	4.200000e-01	1.763000e+01	5257	0	2
9	1	35	1	1	1	44	50	3	5	3	1	1	1	5.400000e-01	1.817000e+01	5388	0	2
9	1	36	1	1	2	50	53	5	3	3	2	1	2	5.500000e-01	1.872000e+01	4226	1	2
9	1	37	1	2	1	46	22	5	2	2	2	1	1	7.200000e-01	1.944000e+01	4206	0	1
9	1	38	1	2	2	21	31	2	3	2	1	1	2	3.700000e-01	1.981000e+01	1836	1	2
9	1	39	1	2	3	25	36	4	3	3	2	1	1	7.600000e-01	2.057000e+01	1904	0	2
9	1	40	1	2	4	45	36	4	3	3	2	1	1	6.800000e-01	2.125000e+01	4681	0	1
9	1	41	1	2	5	38	42	2	3	2	1	1	2	2.300000e-01	2.148000e+01	4395	1	2
9	1	42	1	1	1	17	2	3	2	2	2	1	2	4.100000e-01	2.189000e+01	1762	1	2
9	1	43	1	2	1	11	46	5	3	5	1	1	2	5.000000e-01	2.239000e+01	2393	1	2
9	1	44	1	2	2	40	38	2	4	4	2	1	1	6.000000e-01	2.299000e+01	3823	0	2
9	1	45	1	1	1	20	23	2	5	5	2	1	2	1.600000e-01	2.315000e+01	3803	1	1
9	1	46	1	1	2	15	22	3	4	3	1	1	1	4.100000e-01	2.356000e+01	4417	0	2
9	1	47	1	1	3	5	1	4	5	4	1	1	1	4.800000e-01	2.404000e+01	7981	0	1
9	1	48	1	1	4	3	12	4	5	5	2	1	2	4.900000e-01	2.453000e+01	1539	1	2
9	1	49	1	2	1	26	54	2	3	4	0	0	0	0	2.453000e+01	1876	NaN	NaN
9	1	50	1	2	2	39	28	5	4	4	2	1	1	5.300000e-01	2.506000e+01	4771	0	NaN
9	1	51	1	2	3	17	27	2	5	5	2	1	1	6.200000e-01	2.568000e+01	3946	0	1
9	1	52	1	1	1	19	8	5	3	4	0	0	0	0	2.568000e+01	3689	NaN	NaN
9	1	53	1	1	2	45	48	4	2	2	2	1	2	7.900000e-01	2.647000e+01	3012	1	NaN
9	1	54	1	1	3	17	9	4	5	5	2	1	2	8.300000e-01	2.730000e+01	5369	1	1
9	1	55	1	1	4	30	2	5	4	4	2	1	2	8.800000e-01	2.818000e+01	1456	1	1
9	1	56	1	1	5	23	38	5	2	2	2	1	2	8.000000e-01	2.898000e+01	2883	1	1
9	1	57	1	2	1	35	34	2	4	4	2	1	1	6.500000e-01	2.963000e+01	9165	0	1
9	1	58	1	2	2	54	18	3	4	4	2	1	1	5.400000e-01	3.017000e+01	3428	0	1
9	1	59	1	2	3	20	29	4	2	2	2	1	1	4.200000e-01	3.059000e+01	1120	0	1
9	1	60	1	2	4	41	9	5	2	2	2	1	1	4.800000e-01	3.107000e+01	1961	0	1
9	1	61	1	2	5	31	47	3	2	4	0	0	0	0	3.107000e+01	1688	NaN	NaN
9	1	62	1	1	1	17	15	5	2	2	2	1	2	7.200000e-01	3.179000e+01	4743	1	NaN
9	1	63	1	1	2	1	22	3	5	3	1	1	1	5.100000e-01	3.230000e+01	1591	0	2
9	1	64	1	2	1	20	21	3	2	2	2	1	1	4.300000e-01	3.273000e+01	2933	0	2
9	1	65	1	1	1	13	47	4	5	5	2	1	2	1.900000e-01	3.292000e+01	3917	1	1
9	1	66	1	1	2	14	5	4	3	4	1	1	1	3.700000e-01	3.329000e+01	3517	0	2
9	1	67	1	1	3	47	28	4	3	3	2	1	2	4.800000e-01	3.377000e+01	2981	1	2
9	1	68	1	1	4	14	21	2	4	2	1	1	1	5.400000e-01	3.431000e+01	2412	0	2
9	1	69	1	1	5	2	24	3	2	3	1	1	1	4.600000e-01	3.477000e+01	1785	0	1
9	1	70	1	1	6	32	15	4	3	3	2	1	2	2.600000e-01	3.503000e+01	1119	1	2
9	1	71	1	2	1	54	43	5	3	3	2	1	1	5.000000e-01	3.553000e+01	4848	0	1
9	1	72	1	2	2	8	39	2	4	4	2	1	1	4.800000e-01	3.601000e+01	3739	0	1
9	1	73	1	2	3	4	10	4	3	3	2	1	1	3.900000e-01	3.640000e+01	6747	0	1
9	1	74	1	2	4	12	46	4	2	2	2	1	1	6.500000e-01	3.705000e+01	4346	0	1
9	1	75	1	2	5	19	29	4	2	4	1	1	2	7.100000e-01	3.776000e+01	3434	1	2
9	1	76	1	2	6	20	36	3	2	2	2	1	1	6.500000e-01	3.841000e+01	1470	0	2
9	1	77	1	1	1	15	10	2	5	2	1	1	1	4.400000e-01	3.885000e+01	1873	0	2
9	1	78	1	2	1	54	35	3	4	4	2	1	1	3.700000e-01	3.922000e+01	1755	0	2
9	1	79	1	2	2	20	42	5	4	4	2	1	1	6.000000e-01	3.982000e+01	3890	0	1
9	1	80	1	2	3	53	44	2	3	2	1	1	2	5.200000e-01	4.034000e+01	9996	1	2
9	1	81	1	2	4	23	2	2	5	2	1	1	2	1.400000e-01	4.048000e+01	6018	1	1
9	1	82	1	1	1	35	22	5	4	5	1	1	1	4.900000e-01	4.097000e+01	7774	0	1
9	1	83	1	1	2	31	54	4	3	3	2	1	2	1.010000e+00	4.198000e+01	3732	1	2
9	1	84	1	1	3	50	38	3	5	3	1	1	1	3.800000e-01	4.236000e+01	5692	0	2
9	1	1	2	1	1	44	40	2	3	3	2	1	2	1.800000e-01	4.254000e+01	4578	1	NaN
9	1	2	2	1	2	24	33	4	2	2	2	1	2	1.130000e+00	4.367000e+01	3336	1	1
9	1	3	2	1	3	31	11	5	2	2	2	1	2	7.000000e-02	4.374000e+01	1288	1	1
9	1	4	2	1	4	44	36	2	4	2	1	1	1	4.500000e-01	4.419000e+01	3914	0	2
9	1	5	2	1	5	42	33	5	4	4	2	1	2	2.600000e-01	4.445000e+01	1818	1	2
9	1	6	2	1	6	8	14	4	5	5	2	1	2	1.260000e+00	4.571000e+01	2367	1	1
9	1	7	2	2	1	10	42	3	2	3	1	1	2	5.400000e-01	4.625000e+01	1150	1	2
9	1	8	2	2	2	2	21	3	2	2	2	1	1	3.700000e-01	4.662000e+01	3461	0	2
9	1	9	2	1	1	5	11	3	5	5	2	1	2	1.320000e+00	4.794000e+01	3088	1	1
9	1	10	2	1	2	15	25	3	5	5	2	1	2	1.410000e+00	4.935000e+01	1210	1	1
9	1	11	2	1	3	24	39	3	2	2	2	1	2	1.270000e+00	5.062000e+01	3864	1	1
9	1	12	2	1	4	10	4	2	3	2	1	1	1	3.500000e-01	5.097000e+01	1858	0	2
9	1	13	2	2	1	29	51	5	4	4	2	1	1	4.700000e-01	5.144000e+01	7165	0	2
9	1	14	2	2	2	45	11	4	3	3	2	1	1	4.800000e-01	5.192000e+01	1508	0	1
9	1	15	2	2	3	48	49	4	3	3	2	1	1	5.400000e-01	5.246000e+01	5373	0	1
9	1	16	2	2	4	35	37	2	3	3	2	1	1	4.300000e-01	5.289000e+01	2708	0	1
9	1	17	2	1	1	37	18	5	3	3	2	1	2	4.000000e-02	5.293000e+01	2237	1	1
9	1	18	2	1	2	16	12	3	4	4	2	1	2	2.900000e-01	5.322000e+01	4634	1	1
9	1	19	2	2	1	21	50	5	2	2	2	1	1	6.300000e-01	5.385000e+01	4029	0	1
9	1	20	2	1	1	46	6	5	4	4	2	1	2	1.620000e+00	5.547000e+01	2370	1	1
9	1	21	2	1	2	5	27	5	3	4	0	0	0	0	5.547000e+01	1232	NaN	NaN
9	1	22	2	1	3	7	13	2	4	4	2	1	2	6.100000e-01	5.608000e+01	1305	1	NaN
9	1	23	2	2	1	48	22	2	5	2	1	1	2	3.700000e-01	5.645000e+01	2257	1	2
9	1	24	2	2	2	37	13	4	5	5	2	1	1	5.800000e-01	5.703000e+01	3501	0	2
9	1	25	2	2	3	8	17	2	4	4	2	1	1	4.400000e-01	5.747000e+01	2150	0	1
9	1	26	2	2	4	19	15	2	4	4	2	1	1	7.200000e-01	5.819000e+01	3045	0	1
9	1	27	2	2	5	32	15	5	2	2	2	1	1	6.300000e-01	5.882000e+01	2448	0	1
9	1	28	2	2	6	47	49	4	2	2	2	1	1	3.600000e-01	5.918000e+01	3323	0	1
9	1	29	2	1	1	26	13	5	4	4	2	1	2	1.800000e-01	5.936000e+01	1700	1	1
9	1	30	2	1	2	35	12	4	2	2	2	1	2	1.130000e+00	6.049000e+01	1069	1	1
9	1	31	2	1	3	24	7	2	4	4	2	1	2	6.800000e-01	6.117000e+01	2416	1	1
9	1	32	2	1	4	9	5	2	5	5	2	1	2	6.900000e-01	6.186000e+01	1277	1	1
9	1	33	2	1	5	33	11	3	4	4	2	1	2	6.100000e-01	6.247000e+01	1984	1	1
9	1	34	2	2	1	48	19	3	4	4	2	1	1	5.800000e-01	6.305000e+01	2141	0	1
9	1	35	2	2	2	53	12	4	3	3	2	1	1	4.200000e-01	6.347000e+01	1005	0	1
9	1	36	2	2	3	38	23	4	2	2	2	1	1	3.800000e-01	6.385000e+01	3251	0	1
9	1	37	2	1	1	21	6	5	2	2	2	1	2	4.100000e-01	6.426000e+01	878	1	1
9	1	38	2	2	1	38	48	5	3	4	0	0	0	0	6.426000e+01	3681	NaN	NaN
9	1	39	2	2	2	8	42	4	2	2	2	1	1	3.800000e-01	6.464000e+01	5423	0	NaN
9	1	40	2	2	3	41	40	2	5	5	2	1	1	4.900000e-01	6.513000e+01	2820	0	1
9	1	41	2	2	4	54	43	2	3	3	2	1	1	5.300000e-01	6.566000e+01	2313	0	1
9	1	42	2	2	5	26	44	5	3	3	2	1	1	6.600000e-01	6.632000e+01	2897	0	1
9	1	43	2	1	1	1	8	4	5	4	1	1	1	5.200000e-01	6.684000e+01	4010	0	2
9	1	44	2	2	1	3	32	5	2	5	1	1	2	2.400000e-01	6.708000e+01	5343	1	1
9	1	45	2	2	2	21	9	2	5	5	2	1	1	6.900000e-01	6.777000e+01	5063	0	2
9	1	46	2	2	3	49	1	3	5	5	2	1	1	6.000000e-01	6.837000e+01	1705	0	1
9	1	47	2	1	1	42	24	4	5	5	2	1	2	6.100000e-01	6.898000e+01	1731	1	1
9	1	48	2	1	2	40	52	5	2	2	2	1	2	8.200000e-01	6.980000e+01	1563	1	1
9	1	49	2	1	3	45	24	2	3	2	1	1	1	4.400000e-01	7.024000e+01	1834	0	2
9	1	50	2	1	4	12	36	3	5	3	1	1	1	6.000000e-01	7.084000e+01	1086	0	1
9	1	51	2	1	5	10	3	5	3	4	0	0	0	0	7.084000e+01	6808	NaN	NaN
9	1	52	2	1	6	16	17	5	3	3	2	1	2	6.300000e-01	7.147000e+01	2282	1	NaN
9	1	53	2	2	1	50	19	2	5	5	2	1	1	5.700000e-01	7.204000e+01	3069	0	1
9	1	54	2	2	2	29	48	4	2	2	2	1	1	3.800000e-01	7.242000e+01	3431	0	1
9	1	55	2	1	1	28	33	5	2	5	1	1	1	6.800000e-01	7.310000e+01	2219	0	2
9	1	56	2	1	2	42	18	3	5	3	1	1	1	5.500000e-01	7.365000e+01	3656	0	1
9	1	57	2	2	1	51	49	2	4	4	2	1	1	2.700000e-01	7.392000e+01	4002	0	2
9	1	58	2	2	2	9	16	2	5	5	2	1	1	5.600000e-01	7.448000e+01	2064	0	1
9	1	59	2	2	3	35	33	3	2	2	2	1	1	6.500000e-01	7.513000e+01	4210	0	1
9	1	60	2	2	4	49	18	2	3	3	2	1	1	5.800000e-01	7.571000e+01	3448	0	1
9	1	61	2	2	5	17	21	3	5	5	2	1	1	6.600000e-01	7.637000e+01	7643	0	1
9	1	62	2	1	1	2	44	3	2	3	1	1	1	6.600000e-01	7.703000e+01	4143	0	2
9	1	63	2	1	2	3	20	4	5	4	1	1	1	3.900000e-01	7.742000e+01	6903	0	1
9	1	64	2	1	3	14	25	5	4	4	2	1	2	1.340000e+00	7.876000e+01	6128	1	2
9	1	65	2	1	4	40	46	5	4	5	1	1	1	5.500000e-01	7.931000e+01	7865	0	2
9	1	66	2	1	5	19	54	4	2	4	1	1	1	5.000000e-01	7.981000e+01	2516	0	1
9	1	67	2	2	1	14	7	3	4	4	2	1	1	4.500000e-01	8.026000e+01	3420	0	2
9	1	68	2	1	1	13	6	3	5	5	2	1	2	6.000000e-01	8.086000e+01	5569	1	1
9	1	69	2	1	2	35	51	3	2	3	1	1	1	3.400000e-01	8.120000e+01	5024	0	2
9	1	70	2	1	3	39	46	2	3	2	1	1	1	4.000000e-01	8.160000e+01	5996	0	1
9	1	71	2	1	4	33	54	3	4	3	1	1	1	4.800000e-01	8.208000e+01	4257	0	1
9	1	72	2	2	1	1	25	4	3	4	1	1	2	8.600000e-01	8.294000e+01	2997	1	1
9	1	73	2	2	2	31	38	2	5	5	2	1	1	5.400000e-01	8.348000e+01	2314	0	2
9	1	74	2	2	3	47	43	5	3	3	2	1	1	3.400000e-01	8.382000e+01	3171	0	1
9	1	75	2	2	4	8	1	2	4	4	2	1	1	6.700000e-01	8.449000e+01	2874	0	1
9	1	76	2	1	1	29	7	4	3	4	1	1	1	5.000000e-01	8.499000e+01	2820	0	2
9	1	77	2	1	2	24	2	4	3	3	2	1	2	1.380000e+00	8.637000e+01	1657	1	2
9	1	78	2	1	3	15	4	4	3	3	2	1	2	1.300000e-01	8.650000e+01	1940	1	1
9	1	79	2	2	1	33	31	3	2	2	2	1	1	4.100000e-01	8.691000e+01	1292	0	1
9	1	80	2	2	2	6	15	3	4	4	2	1	1	4.900000e-01	8.740000e+01	5342	0	1
9	1	81	2	2	3	54	49	4	5	4	1	1	2	4.000000e-02	8.744000e+01	6734	1	2
9	1	82	2	2	4	8	10	3	4	4	2	1	1	3.900000e-01	8.783000e+01	1750	0	2
9	1	83	2	2	5	35	49	4	5	5	2	1	1	2.200000e-01	8.805000e+01	3494	0	1
9	1	84	2	2	6	45	15	5	4	5	1	1	2	1.000000e-01	8.815000e+01	1864	1	2
9	1	1	3	2	1	37	15	4	3	3	2	1	1	5.300000e-01	8.868000e+01	1836	0	NaN
9	1	2	3	2	2	45	25	4	3	3	2	1	1	4.800000e-01	8.916000e+01	2896	0	1
9	1	3	3	2	3	3	39	3	2	3	1	1	2	4.200000e-01	8.958000e+01	3585	1	2
9	1	4	3	2	4	32	4	4	3	3	2	1	1	4.900000e-01	9.007000e+01	3718	0	2
9	1	5	3	2	5	27	48	3	4	4	2	1	1	5.200000e-01	9.059000e+01	5719	0	1
9	1	6	3	2	6	2	11	5	2	2	2	1	1	4.400000e-01	9.103000e+01	1130	0	1
9	1	7	3	1	1	44	24	5	4	4	2	1	2	1.700000e-01	9.120000e+01	3144	1	1
9	1	8	3	1	2	5	16	4	5	4	1	1	1	5.600000e-01	9.176000e+01	3160	0	2
9	1	9	3	1	3	26	30	4	3	4	1	1	1	4.500000e-01	9.221000e+01	1335	0	1
9	1	10	3	1	4	5	6	2	5	5	2	1	2	6.100000e-01	9.282000e+01	5240	1	2
9	1	11	3	2	1	33	39	3	2	2	2	1	1	3.900000e-01	9.321000e+01	3515	0	1
9	1	12	3	2	2	36	41	5	2	2	2	1	1	4.800000e-01	9.369000e+01	3748	0	1
9	1	13	3	2	3	30	32	2	3	3	2	1	1	5.900000e-01	9.428000e+01	2123	0	1
9	1	14	3	2	4	52	33	5	2	2	2	1	1	4.000000e-01	9.468000e+01	1011	0	1
9	1	15	3	1	1	49	47	3	5	5	2	1	2	5.700000e-01	9.525000e+01	2577	1	1
9	1	16	3	1	2	14	9	4	2	2	2	1	2	3.900000e-01	9.564000e+01	2431	1	1
9	1	17	3	2	1	19	34	2	4	4	2	1	1	4.900000e-01	9.613000e+01	5500	0	1
9	1	18	3	2	2	15	54	4	2	4	1	1	2	3.300000e-01	9.646000e+01	2733	1	2
9	1	19	3	1	1	43	15	3	5	5	2	1	2	4.300000e-01	9.689000e+01	8388	1	2
9	1	20	3	1	2	49	37	5	3	5	1	1	1	6.600000e-01	9.755000e+01	3347	0	2
9	1	21	3	1	3	31	8	4	5	4	1	1	1	5.800000e-01	9.813000e+01	4242	0	1
9	1	22	3	1	4	34	25	3	4	3	1	1	1	4.600000e-01	9.859000e+01	5958	0	1
9	1	23	3	1	5	11	16	2	5	2	1	1	1	4.200000e-01	9.901000e+01	2861	0	1
9	1	24	3	1	6	44	34	2	3	2	1	1	1	5.300000e-01	9.954000e+01	3585	0	1
9	1	25	3	2	1	28	47	5	2	2	2	1	1	4.500000e-01	9.999000e+01	2814	0	2
9	1	26	3	2	2	12	29	5	4	4	2	1	1	4.400000e-01	1.004300e+02	3963	0	1
9	1	27	3	2	3	8	19	3	2	2	2	1	1	5.100000e-01	1.009400e+02	2698	0	1
9	1	28	3	1	1	42	31	3	5	4	0	0	0	0	1.009400e+02	6603	NaN	NaN
9	1	29	3	2	1	49	31	2	3	3	2	1	1	6.500000e-01	1.015900e+02	1437	0	NaN
9	1	30	3	1	1	36	52	5	3	3	2	1	2	7.800000e-01	1.023700e+02	1433	1	1
9	1	31	3	1	2	16	4	2	5	2	1	1	1	3.800000e-01	1.027500e+02	5021	0	2
9	1	32	3	1	3	4	11	4	3	3	2	1	2	9.500000e-01	1.037000e+02	834	1	2
9	1	33	3	1	4	1	50	4	5	5	2	1	2	3.900000e-01	1.040900e+02	1790	1	1
9	1	34	3	1	5	51	50	5	4	4	2	1	2	5.300000e-01	1.046200e+02	5492	1	1
9	1	35	3	2	1	20	17	2	4	4	2	1	1	4.500000e-01	1.050700e+02	3877	0	1
9	1	36	3	2	2	36	41	2	5	5	2	1	1	4.800000e-01	1.055500e+02	4264	0	1
9	1	37	3	2	3	51	31	5	3	3	2	1	1	3.200000e-01	1.058700e+02	1338	0	1
9	1	38	3	2	4	48	6	2	5	5	2	1	1	3.700000e-01	1.062400e+02	2602	0	1
9	1	39	3	2	5	18	21	2	4	4	2	1	1	4.000000e-01	1.066400e+02	2536	0	1
9	1	40	3	1	1	38	11	5	4	4	2	1	2	6.700000e-01	1.073100e+02	1688	1	1
9	1	41	3	1	2	51	49	2	4	2	1	1	1	4.300000e-01	1.077400e+02	1466	0	2
9	1	42	3	1	3	37	17	4	2	2	2	1	2	1.220000e+00	1.089600e+02	1365	1	2
9	1	43	3	2	1	41	18	4	3	3	2	1	1	5.200000e-01	1.094800e+02	3395	0	1
9	1	44	3	2	2	32	7	4	5	4	1	1	2	2.900000e-01	1.097700e+02	4009	1	2
9	1	45	3	2	3	49	24	4	2	2	2	1	1	4.200000e-01	1.101900e+02	2454	0	2
9	1	46	3	2	4	41	52	4	2	2	2	1	1	5.100000e-01	1.107000e+02	2346	0	1
9	1	47	3	2	5	50	25	2	4	4	2	1	1	4.700000e-01	1.111700e+02	2442	0	1
9	1	48	3	2	6	32	28	3	5	5	2	1	1	4.700000e-01	1.116400e+02	3982	0	1
9	1	49	3	1	1	45	22	4	3	3	2	1	2	1.500000e-01	1.117900e+02	2836	1	1
9	1	50	3	1	2	53	37	4	2	2	2	1	2	4.700000e-01	1.122600e+02	2544	1	1
9	1	51	3	1	3	7	39	5	2	2	2	1	2	7.900000e-01	1.130500e+02	2368	1	1
9	1	52	3	1	4	24	51	3	2	2	2	1	2	1.900000e-01	1.132400e+02	1910	1	1
9	1	53	3	2	1	50	22	5	2	2	2	1	1	4.800000e-01	1.137200e+02	1520	0	1
9	1	54	3	2	2	1	44	3	2	2	2	1	1	5.300000e-01	1.142500e+02	2087	0	1
9	1	55	3	1	1	47	13	4	5	5	2	1	2	4.600000e-01	1.147100e+02	921	1	1
9	1	56	3	1	2	21	11	5	3	5	1	1	1	7.000000e-01	1.154100e+02	2098	0	2
9	1	57	3	1	3	27	26	3	4	4	2	1	2	1.260000e+00	1.166700e+02	2555	1	2
9	1	58	3	2	1	20	27	4	2	3	0	0	0	0	1.166700e+02	2042	NaN	NaN
9	1	59	3	1	1	14	7	2	5	5	2	1	2	8.000000e-01	1.174700e+02	4709	1	NaN
9	1	60	3	1	2	17	34	2	4	2	1	1	1	5.100000e-01	1.179800e+02	2975	0	2
9	1	61	3	1	3	38	40	2	3	2	1	1	1	4.000000e-01	1.183800e+02	957	0	1
9	1	62	3	1	4	12	36	3	4	4	2	1	2	2.800000e-01	1.186600e+02	1661	1	2
9	1	63	3	1	5	29	6	5	3	5	1	1	1	3.300000e-01	1.189900e+02	1008	0	2
9	1	64	3	2	1	15	39	5	3	3	2	1	1	4.600000e-01	1.194500e+02	3669	0	2
9	1	65	3	2	2	7	52	5	3	4	0	0	0	0	1.194500e+02	2432	NaN	NaN
9	1	66	3	2	3	50	52	5	4	4	2	1	1	4.400000e-01	1.198900e+02	866	0	NaN
9	1	67	3	2	4	22	11	3	5	5	2	1	1	7.100000e-01	1.206000e+02	1901	0	1
9	1	68	3	2	5	41	19	3	5	3	1	1	2	8.500000e-01	1.214500e+02	6422	1	2
9	1	69	3	1	1	23	8	5	2	2	2	1	2	5.300000e-01	1.219800e+02	2115	1	2
9	1	70	3	2	1	7	38	4	5	5	2	1	1	4.700000e-01	1.224500e+02	2059	0	1
9	1	71	3	2	2	22	20	3	2	2	2	1	1	5.100000e-01	1.229600e+02	1982	0	1
9	1	72	3	2	3	25	46	3	4	4	2	1	1	5.900000e-01	1.235500e+02	3332	0	1
9	1	73	3	1	1	32	48	2	3	3	2	1	2	1.550000e+00	1.251000e+02	4060	1	1
9	1	74	3	1	2	2	53	2	5	5	2	1	2	6.500000e-01	1.257500e+02	1207	1	1
9	1	75	3	1	3	9	26	3	2	2	2	1	2	9.100000e-01	1.266600e+02	6581	1	1
9	1	76	3	1	4	16	26	2	3	3	2	1	2	8.200000e-01	1.274800e+02	1259	1	1
9	1	77	3	1	5	13	52	2	3	2	1	1	1	5.700000e-01	1.280500e+02	1726	0	2
9	1	78	3	1	6	16	13	5	4	5	1	1	1	6.200000e-01	1.286700e+02	4727	0	1
9	1	79	3	2	1	49	4	2	4	4	2	1	1	6.500000e-01	1.293200e+02	5327	0	2
9	1	80	3	2	2	43	8	3	4	4	2	1	1	5.100000e-01	1.298300e+02	2912	0	1
9	1	81	3	2	3	40	24	4	5	4	1	1	2	3.500000e-01	1.301800e+02	3081	1	2
9	1	82	3	2	4	40	54	3	5	3	1	1	2	6.100000e-01	1.307900e+02	9356	1	1
9	1	83	3	1	1	29	41	5	4	4	2	1	2	9.700000e-01	1.317600e+02	8963	1	2
9	1	84	3	1	2	50	6	3	4	4	2	1	2	1.070000e+00	1.328300e+02	1505	1	1
9	1	1	4	2	1	50	53	5	3	3	2	1	1	4.400000e-01	1.332700e+02	1613	0	NaN
9	1	2	4	2	2	39	13	5	2	2	2	1	1	6.100000e-01	1.338800e+02	914	0	1
9	1	3	4	2	3	23	40	2	3	3	2	1	1	4.800000e-01	1.343600e+02	1754	0	1
9	1	4	4	1	1	21	54	4	2	2	2	1	2	3.400000e-01	1.347000e+02	866	1	1
9	1	5	4	1	2	4	26	5	3	5	1	1	1	5.600000e-01	1.352600e+02	3349	0	2
9	1	6	4	1	3	5	44	5	2	2	2	1	2	9.400000e-01	1.362000e+02	5300	1	2
9	1	7	4	2	1	33	27	2	4	4	2	1	1	4.300000e-01	1.366300e+02	2077	0	1
9	1	8	4	2	2	40	47	5	4	4	2	1	1	3.200000e-01	1.369500e+02	4552	0	1
9	1	9	4	2	3	3	19	4	5	5	2	1	1	4.900000e-01	1.374400e+02	1816	0	1
9	1	10	4	2	4	23	25	3	2	3	1	1	2	7.600000e-01	1.382000e+02	3588	1	2
9	1	11	4	2	5	33	13	3	2	3	1	1	2	5.400000e-01	1.387400e+02	6538	1	1
9	1	12	4	2	6	33	39	2	4	4	2	1	1	6.900000e-01	1.394300e+02	2602	0	2
9	1	13	4	1	1	50	14	2	5	5	2	1	2	3.400000e-01	1.397700e+02	1095	1	1
9	1	14	4	1	2	12	35	4	2	2	2	1	2	8.700000e-01	1.406400e+02	1729	1	1
9	1	15	4	1	3	52	48	2	3	2	1	1	1	4.100000e-01	1.410500e+02	2337	0	2
9	1	16	4	1	4	18	12	2	4	2	1	1	1	3.500000e-01	1.414000e+02	1985	0	1
9	1	17	4	1	5	27	25	3	2	4	0	0	0	0	1.414000e+02	5416	NaN	NaN
9	1	18	4	2	1	49	18	4	3	3	2	1	1	5.800000e-01	1.419800e+02	4970	0	NaN
9	1	19	4	2	2	36	44	5	3	3	2	1	1	3.400000e-01	1.423200e+02	2113	0	1
9	1	20	4	1	1	10	6	4	3	3	2	1	2	2.100000e-01	1.425300e+02	5866	1	1
9	1	21	4	1	2	33	30	2	5	5	2	1	2	7.600000e-01	1.432900e+02	1125	1	1
9	1	22	4	1	3	43	17	3	2	3	1	1	1	4.700000e-01	1.437600e+02	5317	0	2
9	1	23	4	1	4	30	45	4	5	4	1	1	1	3.500000e-01	1.441100e+02	1182	0	1
9	1	24	4	2	1	5	9	4	5	5	2	1	1	4.000000e-01	1.445100e+02	3308	0	2
9	1	25	4	2	2	2	9	4	2	2	2	1	1	3.800000e-01	1.448900e+02	1637	0	1
9	1	26	4	2	3	2	42	2	3	3	2	1	1	4.900000e-01	1.453800e+02	4169	0	1
9	1	27	4	2	4	1	41	4	3	3	2	1	1	2.200000e-01	1.456000e+02	2448	0	1
9	1	28	4	1	1	49	31	4	5	4	1	1	1	4.200000e-01	1.460200e+02	2587	0	2
9	1	29	4	1	2	52	45	5	4	5	1	1	1	3.400000e-01	1.463600e+02	2409	0	1
9	1	30	4	1	3	6	2	5	3	5	1	1	1	5.400000e-01	1.469000e+02	2791	0	1
9	1	31	4	1	4	46	11	4	3	4	1	1	1	5.700000e-01	1.474700e+02	7684	0	1
9	1	32	4	1	5	53	49	5	2	5	1	1	1	5.200000e-01	1.479900e+02	1342	0	1
9	1	33	4	1	6	38	17	5	2	5	1	1	1	4.900000e-01	1.484800e+02	3542	0	1
9	1	34	4	2	1	2	52	4	2	2	2	1	1	1.900000e-01	1.486700e+02	2622	0	2
9	1	35	4	1	1	18	46	4	3	3	2	1	2	5.100000e-01	1.491800e+02	1555	1	1
9	1	36	4	1	2	23	39	2	5	2	1	1	1	4.000000e-01	1.495800e+02	1826	0	2
9	1	37	4	2	1	2	22	2	3	3	2	1	1	4.700000e-01	1.500500e+02	1359	0	2
9	1	38	4	2	2	26	36	2	3	3	2	1	1	4.600000e-01	1.505100e+02	4862	0	1
9	1	39	4	2	3	3	49	4	5	5	2	1	1	3.600000e-01	1.508700e+02	2681	0	1
9	1	40	4	2	4	34	27	5	4	4	2	1	1	5.700000e-01	1.514400e+02	2611	0	1
9	1	41	4	2	5	35	24	2	3	3	2	1	1	5.300000e-01	1.519700e+02	1544	0	1
9	1	42	4	1	1	36	18	4	2	4	1	1	1	4.600000e-01	1.524300e+02	5064	0	2
9	1	43	4	2	1	26	13	5	4	4	2	1	1	6.100000e-01	1.530400e+02	2034	0	2
9	1	44	4	2	2	51	25	4	5	5	2	1	1	6.900000e-01	1.537300e+02	1622	0	1
9	1	45	4	1	1	21	29	3	5	3	1	1	1	3.700000e-01	1.541000e+02	4339	0	2
9	1	46	4	1	2	35	38	2	5	2	1	1	1	5.000000e-01	1.546000e+02	2410	0	1
9	1	47	4	1	3	34	23	2	4	4	2	1	2	8.500000e-01	1.554500e+02	4008	1	2
9	1	48	4	1	4	44	43	3	2	3	1	1	1	5.600000e-01	1.560100e+02	5125	0	2
9	1	49	4	2	1	24	30	4	2	4	1	1	2	2.600000e-01	1.562700e+02	2142	1	1
9	1	50	4	2	2	10	53	4	5	5	2	1	1	4.300000e-01	1.567000e+02	1237	0	2
9	1	51	4	2	3	6	52	2	4	4	2	1	1	4.100000e-01	1.571100e+02	801	0	1
9	1	52	4	1	1	43	48	4	3	4	1	1	1	6.100000e-01	1.577200e+02	4431	0	2
9	1	53	4	1	2	38	48	2	5	2	1	1	1	4.700000e-01	1.581900e+02	3603	0	1
9	1	54	4	1	3	1	20	3	5	5	2	1	2	4.300000e-01	1.586200e+02	2352	1	2
9	1	55	4	1	4	12	52	3	5	3	1	1	1	3.500000e-01	1.589700e+02	5327	0	2
9	1	56	4	1	5	7	2	2	5	5	2	1	2	6.500000e-01	1.596200e+02	6168	1	2
9	1	57	4	2	1	4	27	5	3	3	2	1	1	8.200000e-01	1.604400e+02	2135	0	1
9	1	58	4	2	2	13	48	3	4	4	2	1	1	5.300000e-01	1.609700e+02	4039	0	1
9	1	59	4	2	3	31	14	2	4	4	2	1	1	3.300000e-01	1.613000e+02	3955	0	1
9	1	60	4	2	4	20	10	3	5	5	2	1	1	5.300000e-01	1.618300e+02	1482	0	1
9	1	61	4	2	5	17	51	3	5	5	2	1	1	3.300000e-01	1.621600e+02	2580	0	1
9	1	62	4	1	1	41	52	2	3	2	1	1	1	5.200000e-01	1.626800e+02	3202	0	2
9	1	63	4	1	2	4	20	3	4	4	2	1	2	8.400000e-01	1.635200e+02	5431	1	2
9	1	64	4	2	1	9	2	3	4	4	2	1	1	6.300000e-01	1.641500e+02	6652	0	1
9	1	65	4	1	1	11	7	5	2	5	1	1	1	6.800000e-01	1.648300e+02	2319	0	2
9	1	66	4	1	2	15	30	2	4	2	1	1	1	6.600000e-01	1.654900e+02	1799	0	1
9	1	67	4	1	3	43	36	5	2	2	2	1	2	1.400000e-01	1.656300e+02	16877	1	2
9	1	68	4	1	4	53	43	5	4	5	1	1	1	5.500000e-01	1.661800e+02	1248	0	2
9	1	69	4	1	5	6	46	5	4	5	1	1	1	6.100000e-01	1.667900e+02	1955	0	1
9	1	70	4	1	6	39	21	5	3	5	1	1	1	3.700000e-01	1.671600e+02	3890	0	1
9	1	71	4	2	1	10	7	3	5	5	2	1	1	5.200000e-01	1.676800e+02	2068	0	2
9	1	72	4	2	2	41	1	5	3	3	2	1	1	5.900000e-01	1.682700e+02	3590	0	1
9	1	73	4	2	3	33	11	3	2	2	2	1	1	3.500000e-01	1.686200e+02	1253	0	1
9	1	74	4	2	4	8	12	3	4	4	2	1	1	3.900000e-01	1.690100e+02	4368	0	1
9	1	75	4	2	5	28	41	3	4	4	2	1	1	5.900000e-01	1.696000e+02	2767	0	1
9	1	76	4	2	6	47	40	5	4	4	2	1	1	5.000000e-01	1.701000e+02	4717	0	1
9	1	77	4	1	1	28	37	4	3	4	1	1	1	5.600000e-01	1.706600e+02	4566	0	2
9	1	78	4	2	1	17	41	3	2	3	1	1	2	1.140000e+00	1.718000e+02	6885	1	1
9	1	79	4	2	2	23	3	2	5	2	1	1	2	7.300000e-01	1.725300e+02	2830	1	1
9	1	80	4	2	3	50	17	3	4	3	1	1	2	1.300000e-01	1.726600e+02	2699	1	1
9	1	81	4	2	4	1	28	3	5	5	2	1	1	5.900000e-01	1.732500e+02	1483	0	2
9	1	82	4	1	1	22	38	5	2	2	2	1	2	4.200000e-01	1.736700e+02	2861	1	1
9	1	83	4	1	2	19	35	3	4	4	2	1	2	1.200000e-01	1.737900e+02	6897	1	1
9	1	84	4	1	3	51	44	4	2	4	1	1	1	7.500000e-01	1.745400e+02	4746	0	2
