LEDIS1	Code = 77	
SubNo	Group(1=OptHighReward;2=OptLowReward)	Block_trial	Block	VarDist_cond	Run_number	Targ1_position	Targ2_position	Red_targ_digit	Blue_targ_digit	Response	Targ_Choice	Acc	OutcomeCond(0=inaccurate;1=lowReward;2=highReward)	OutcomeValue	Points	RT	Optimal_Choice	Repeat_Switch
77	1	1	0	1	1	6	42	5	4	4	2	1	NaN	0	0	8450	1	NaN
77	1	2	0	1	2	31	30	4	2	2	2	1	NaN	0	0	11860	1	1
77	1	3	0	1	3	52	21	3	2	3	1	1	NaN	0	0	2753	0	2
77	1	4	0	1	4	13	3	2	3	2	1	1	NaN	0	0	8842	0	1
77	1	5	0	2	1	29	24	2	4	2	1	1	NaN	0	0	1661	1	1
77	1	6	0	2	2	50	21	4	5	5	2	1	NaN	0	0	7735	0	2
77	1	7	0	2	3	11	29	4	3	4	1	1	NaN	0	0	1872	1	2
77	1	8	0	2	4	3	30	4	5	4	1	1	NaN	0	0	5797	1	1
77	1	9	0	2	5	20	41	3	4	3	1	1	NaN	0	0	7519	1	1
77	1	10	0	2	6	25	41	4	3	3	2	1	NaN	0	0	6634	0	2
77	1	1	1	1	1	13	7	2	4	2	1	1	1	4.500000e-01	4.500000e-01	1193	0	NaN
77	1	2	1	1	2	24	22	4	2	4	1	1	1	3.000000e-01	7.500000e-01	3359	0	1
77	1	3	1	1	3	25	43	4	3	4	1	1	1	5.100000e-01	1.260000e+00	2895	0	1
77	1	4	1	1	4	33	39	4	5	4	1	1	1	5.300000e-01	1.790000e+00	1677	0	1
77	1	5	1	2	1	35	28	3	5	4	0	0	0	0	1.790000e+00	1398	NaN	NaN
77	1	6	1	2	2	38	8	3	2	2	2	1	1	3.600000e-01	2.150000e+00	4913	0	NaN
77	1	7	1	2	3	34	3	5	3	5	1	1	2	1.060000e+00	3.210000e+00	6435	1	2
77	1	8	1	2	4	18	27	5	4	4	2	1	1	6.400000e-01	3.850000e+00	5823	0	2
77	1	9	1	2	5	6	19	2	5	2	1	1	2	4.800000e-01	4.330000e+00	4159	1	2
77	1	10	1	2	6	18	53	4	3	4	1	1	2	6.500000e-01	4.980000e+00	3937	1	1
77	1	11	1	1	1	46	16	4	2	4	1	1	1	5.200000e-01	5.500000e+00	2598	0	1
77	1	12	1	1	2	39	29	2	5	2	1	1	1	4.800000e-01	5.980000e+00	5052	0	1
77	1	13	1	1	3	33	16	5	3	5	1	1	1	5.900000e-01	6.570000e+00	2999	0	1
77	1	14	1	1	4	11	39	4	5	5	2	1	2	2.200000e-01	6.790000e+00	11151	1	2
77	1	15	1	1	5	16	20	5	3	5	1	1	1	7.600000e-01	7.550000e+00	3665	0	2
77	1	16	1	2	1	35	16	4	5	4	1	1	2	4.400000e-01	7.990000e+00	6007	1	1
77	1	17	1	2	2	46	12	3	5	5	2	1	1	5.100000e-01	8.500000e+00	1739	0	2
77	1	18	1	2	3	41	54	2	4	4	2	1	1	6.300000e-01	9.130000e+00	5033	0	1
77	1	19	1	2	4	18	16	2	4	4	2	1	1	5.100000e-01	9.640000e+00	2680	0	1
77	1	20	1	1	1	15	48	5	4	5	1	1	1	4.900000e-01	1.013000e+01	1608	0	2
77	1	21	1	1	2	19	49	5	4	5	1	1	1	4.000000e-01	1.053000e+01	2726	0	1
77	1	22	1	1	3	16	5	2	4	4	2	1	2	6.400000e-01	1.117000e+01	1737	1	2
77	1	23	1	2	1	15	51	4	2	4	1	1	2	8.400000e-01	1.201000e+01	4210	1	2
77	1	24	1	2	2	32	50	3	2	3	1	1	2	1.270000e+00	1.328000e+01	3195	1	1
77	1	25	1	2	3	6	8	5	4	5	1	1	2	1.700000e-01	1.345000e+01	5154	1	1
77	1	26	1	2	4	47	46	2	4	2	1	1	2	9.000000e-01	1.435000e+01	1935	1	1
77	1	27	1	2	5	1	54	5	3	2	0	0	0	0	1.435000e+01	1384	NaN	NaN
77	1	28	1	1	1	7	19	4	3	4	1	1	1	6.500000e-01	1.500000e+01	2206	0	NaN
77	1	29	1	1	2	11	36	4	2	4	1	1	1	3.100000e-01	1.531000e+01	1079	0	1
77	1	30	1	2	1	17	36	3	4	4	2	1	1	3.300000e-01	1.564000e+01	6640	0	2
77	1	31	1	2	2	39	21	2	3	4	0	0	0	0	1.564000e+01	2592	NaN	NaN
77	1	32	1	2	3	30	28	4	2	2	2	1	1	5.700000e-01	1.621000e+01	1046	0	NaN
77	1	33	1	1	1	54	25	3	5	3	1	1	1	4.500000e-01	1.666000e+01	2128	0	2
77	1	34	1	2	1	3	44	4	5	5	2	1	1	5.800000e-01	1.724000e+01	6175	0	2
77	1	35	1	1	1	21	4	5	2	4	0	0	0	0	1.724000e+01	5126	NaN	NaN
77	1	36	1	1	2	18	36	4	2	4	1	1	1	6.000000e-01	1.784000e+01	4424	0	NaN
77	1	37	1	1	3	3	32	2	5	2	1	1	1	5.800000e-01	1.842000e+01	2623	0	1
77	1	38	1	1	4	34	22	5	3	5	1	1	1	6.500000e-01	1.907000e+01	2072	0	1
77	1	39	1	1	5	51	18	2	3	3	2	1	2	8.200000e-01	1.989000e+01	3400	1	2
77	1	40	1	1	6	33	52	3	5	3	1	1	1	6.400000e-01	2.053000e+01	3877	0	2
77	1	41	1	2	1	5	38	5	2	2	2	1	1	3.600000e-01	2.089000e+01	5567	0	2
77	1	42	1	2	2	11	39	2	5	2	1	1	2	4.900000e-01	2.138000e+01	1501	1	2
77	1	43	1	1	1	37	18	4	5	4	1	1	1	4.800000e-01	2.186000e+01	2991	0	1
77	1	44	1	1	2	53	18	2	5	2	1	1	1	3.100000e-01	2.217000e+01	1742	0	1
77	1	45	1	1	3	45	7	2	4	2	1	1	1	5.300000e-01	2.270000e+01	4716	0	1
77	1	46	1	2	1	41	45	3	4	3	1	1	2	0	2.270000e+01	3457	1	1
77	1	47	1	2	2	33	29	5	3	3	2	1	1	6.700000e-01	2.337000e+01	1783	0	2
77	1	48	1	1	1	38	54	5	2	2	2	1	2	1.200000e-01	2.349000e+01	4493	1	1
77	1	49	1	1	2	47	24	3	5	5	2	1	2	7.500000e-01	2.424000e+01	3472	1	1
77	1	50	1	2	1	31	38	4	3	4	1	1	2	6.000000e-01	2.484000e+01	2032	1	2
77	1	51	1	2	2	36	51	5	2	5	1	1	2	7.000000e-02	2.491000e+01	2242	1	1
77	1	52	1	2	3	52	5	3	2	4	0	0	0	0	2.491000e+01	2981	NaN	NaN
77	1	53	1	2	4	44	31	3	4	3	1	1	2	4.700000e-01	2.538000e+01	2134	1	NaN
77	1	54	1	1	1	25	36	2	5	5	2	1	2	2.000000e-02	2.540000e+01	2782	1	2
77	1	55	1	1	2	3	47	2	3	3	2	1	2	7.900000e-01	2.619000e+01	2437	1	1
77	1	56	1	1	3	7	44	3	2	2	2	1	2	7.400000e-01	2.693000e+01	2591	1	1
77	1	57	1	1	4	31	26	5	4	4	2	1	2	1.300000e+00	2.823000e+01	1575	1	1
77	1	58	1	1	5	26	4	5	2	2	2	1	2	7.800000e-01	2.901000e+01	2208	1	1
77	1	59	1	2	1	52	37	4	2	4	1	1	2	2.000000e-01	2.921000e+01	1608	1	2
77	1	60	1	2	2	32	27	4	5	4	1	1	2	6.800000e-01	2.989000e+01	3462	1	1
77	1	61	1	2	3	31	52	3	4	3	1	1	2	2.000000e-02	2.991000e+01	3256	1	1
77	1	62	1	2	4	41	46	2	3	2	1	1	2	4.900000e-01	3.040000e+01	2769	1	1
77	1	63	1	2	5	47	42	3	2	3	1	1	2	4.800000e-01	3.088000e+01	1519	1	1
77	1	64	1	1	1	34	41	4	3	3	2	1	2	5.000000e-01	3.138000e+01	3249	1	2
77	1	65	1	1	2	25	44	5	4	4	2	1	2	3.500000e-01	3.173000e+01	2770	1	1
77	1	66	1	1	3	34	7	5	3	3	2	1	2	1.020000e+00	3.275000e+01	3649	1	1
77	1	67	1	1	4	49	40	4	3	3	2	1	2	7.000000e-01	3.345000e+01	2490	1	1
77	1	68	1	2	1	28	54	3	4	3	1	1	2	9.200000e-01	3.437000e+01	3390	1	2
77	1	69	1	2	2	7	3	3	4	3	1	1	2	8.400000e-01	3.521000e+01	2169	1	1
77	1	70	1	2	3	27	33	5	2	4	0	0	0	0	3.521000e+01	3948	NaN	NaN
77	1	71	1	1	1	48	45	4	5	5	2	1	2	7.700000e-01	3.598000e+01	4777	1	NaN
77	1	72	1	2	1	6	44	3	5	3	1	1	2	5.200000e-01	3.650000e+01	3006	1	2
77	1	73	1	2	2	36	34	2	3	2	1	1	2	8.200000e-01	3.732000e+01	2045	1	1
77	1	74	1	2	3	48	43	2	5	2	1	1	2	7.700000e-01	3.809000e+01	3896	1	1
77	1	75	1	2	4	41	13	3	2	3	1	1	2	3.800000e-01	3.847000e+01	3465	1	1
77	1	76	1	2	5	35	46	5	2	5	1	1	2	3.200000e-01	3.879000e+01	3660	1	1
77	1	77	1	2	6	54	50	3	5	3	1	1	2	3.600000e-01	3.915000e+01	1479	1	1
77	1	78	1	1	1	39	27	5	4	4	2	1	2	3.900000e-01	3.954000e+01	1703	1	2
77	1	79	1	1	2	28	23	3	2	2	2	1	2	5.600000e-01	4.010000e+01	3408	1	1
77	1	80	1	1	3	32	16	4	3	3	2	1	2	6.500000e-01	4.075000e+01	1321	1	1
77	1	81	1	1	4	1	46	3	4	4	2	1	2	1.180000e+00	4.193000e+01	2848	1	1
77	1	82	1	1	5	49	20	2	3	3	2	1	2	3.300000e-01	4.226000e+01	2270	1	1
77	1	83	1	1	6	8	51	2	4	4	2	1	2	7.900000e-01	4.305000e+01	2983	1	1
77	1	84	1	2	1	31	34	2	3	3	2	1	1	5.900000e-01	4.364000e+01	1897	0	1
77	1	1	2	2	1	34	52	2	3	2	1	1	2	9.400000e-01	4.458000e+01	4216	1	NaN
77	1	2	2	2	2	30	17	4	2	4	1	1	2	3.000000e-02	4.461000e+01	4441	1	1
77	1	3	2	2	3	36	25	2	3	2	1	1	2	6.000000e-01	4.521000e+01	1952	1	1
77	1	4	2	2	4	5	44	5	2	5	1	1	2	6.100000e-01	4.582000e+01	2542	1	1
77	1	5	2	2	5	20	10	4	3	4	1	1	2	3.000000e-02	4.585000e+01	2428	1	1
77	1	6	2	1	1	9	2	4	3	3	2	1	2	1.500000e-01	46	1825	1	2
77	1	7	2	1	2	28	3	4	5	4	1	1	1	6.300000e-01	4.663000e+01	1352	0	2
77	1	8	2	1	3	19	41	3	2	4	0	0	0	0	4.663000e+01	3307	NaN	NaN
77	1	9	2	1	4	9	16	3	4	4	2	1	2	4.400000e-01	4.707000e+01	7329	1	NaN
77	1	10	2	2	1	43	9	2	5	2	1	1	2	6.800000e-01	4.775000e+01	4089	1	2
77	1	11	2	1	1	21	29	5	4	4	2	1	2	5.400000e-01	4.829000e+01	3023	1	2
77	1	12	2	1	2	14	21	4	5	5	2	1	2	2.000000e-01	4.849000e+01	2865	1	1
77	1	13	2	1	3	36	42	3	2	2	2	1	2	2.400000e-01	4.873000e+01	2087	1	1
77	1	14	2	1	4	35	22	4	3	3	2	1	2	7.100000e-01	4.944000e+01	2640	1	1
77	1	15	2	1	5	37	5	4	3	2	0	0	0	0	4.944000e+01	1208	NaN	NaN
77	1	16	2	2	1	51	49	3	5	5	2	1	1	3.900000e-01	4.983000e+01	5297	0	NaN
77	1	17	2	2	2	24	41	5	4	4	2	1	1	5.900000e-01	5.042000e+01	2883	0	1
77	1	18	2	2	3	51	5	2	5	2	1	1	2	7.700000e-01	5.119000e+01	3103	1	2
77	1	19	2	2	4	45	6	2	4	2	1	1	2	1.100000e-01	5.130000e+01	1943	1	1
77	1	20	2	1	1	17	43	2	4	4	2	1	2	3.700000e-01	5.167000e+01	3880	1	2
77	1	21	2	1	2	10	42	5	3	3	2	1	2	9.600000e-01	5.263000e+01	2076	1	1
77	1	22	2	1	3	19	47	3	5	5	2	1	2	2.600000e-01	5.289000e+01	2766	1	1
77	1	23	2	2	1	49	10	4	3	3	2	1	1	5.400000e-01	5.343000e+01	1238	0	1
77	1	24	2	2	2	43	27	5	2	5	1	1	2	6.100000e-01	5.404000e+01	3177	1	2
77	1	25	2	2	3	11	35	2	5	2	1	1	2	5.100000e-01	5.455000e+01	1199	1	1
77	1	26	2	1	1	5	48	2	3	3	2	1	2	3.000000e-02	5.458000e+01	3613	1	2
77	1	27	2	2	1	34	20	2	4	2	1	1	2	5.000000e-02	5.463000e+01	3327	1	2
77	1	28	2	2	2	10	35	2	5	2	1	1	2	3.200000e-01	5.495000e+01	1118	1	1
77	1	29	2	2	3	36	53	4	2	4	1	1	2	0	5.495000e+01	3072	1	1
77	1	30	2	2	4	19	45	3	4	3	1	1	2	1.190000e+00	5.614000e+01	1974	1	1
77	1	31	2	2	5	8	50	5	3	5	1	1	2	5.300000e-01	5.667000e+01	2005	1	1
77	1	32	2	2	6	31	26	5	2	5	1	1	2	4.800000e-01	5.715000e+01	1802	1	1
77	1	33	2	1	1	8	38	3	4	4	2	1	2	3.800000e-01	5.753000e+01	3271	1	2
77	1	34	2	1	2	50	49	5	3	3	2	1	2	9.500000e-01	5.848000e+01	4273	1	1
77	1	35	2	1	3	29	11	5	2	2	2	1	2	5.600000e-01	5.904000e+01	1060	1	1
77	1	36	2	1	4	1	5	2	3	3	2	1	2	8.100000e-01	5.985000e+01	2557	1	1
77	1	37	2	1	5	15	17	2	3	3	2	1	2	2.800000e-01	6.013000e+01	1495	1	1
77	1	38	2	1	6	24	14	3	5	5	2	1	2	3.800000e-01	6.051000e+01	1618	1	1
77	1	39	2	2	1	5	26	4	5	4	1	1	2	9.400000e-01	6.145000e+01	2682	1	2
77	1	40	2	2	2	22	14	4	2	4	1	1	2	5.100000e-01	6.196000e+01	1989	1	1
77	1	41	2	1	1	36	1	3	2	2	2	1	2	2.000000e-01	6.216000e+01	2935	1	2
77	1	42	2	1	2	33	14	2	4	4	2	1	2	8.800000e-01	6.304000e+01	1928	1	1
77	1	43	2	2	1	36	42	4	2	4	1	1	2	6.100000e-01	6.365000e+01	3124	1	2
77	1	44	2	2	2	50	17	3	4	3	1	1	2	3.000000e-02	6.368000e+01	3411	1	1
77	1	45	2	1	1	37	31	5	4	4	2	1	2	1.130000e+00	6.481000e+01	2871	1	2
77	1	46	2	1	2	34	44	5	3	3	2	1	2	6.400000e-01	6.545000e+01	2577	1	1
77	1	47	2	1	3	22	33	3	2	2	2	1	2	1.200000e+00	6.665000e+01	3784	1	1
77	1	48	2	1	4	24	28	5	3	3	2	1	2	1.040000e+00	6.769000e+01	1513	1	1
77	1	49	2	1	5	33	26	4	5	5	2	1	2	1.800000e-01	6.787000e+01	3402	1	1
77	1	50	2	2	1	2	10	5	4	5	1	1	2	4.700000e-01	6.834000e+01	1969	1	2
77	1	51	2	2	2	1	50	3	5	3	1	1	2	3.400000e-01	6.868000e+01	1598	1	1
77	1	52	2	2	3	13	29	2	4	2	1	1	2	1.000000e-01	6.878000e+01	1299	1	1
77	1	53	2	2	4	4	13	3	5	3	1	1	2	7.300000e-01	6.951000e+01	2138	1	1
77	1	54	2	1	1	28	51	5	4	4	2	1	2	1.200000e+00	7.071000e+01	2580	1	2
77	1	55	2	1	2	32	44	3	5	5	2	1	2	2.400000e-01	7.095000e+01	3679	1	1
77	1	56	2	1	3	28	24	2	5	5	2	1	2	1.000000e-01	7.105000e+01	1809	1	1
77	1	57	2	1	4	20	45	4	2	2	2	1	2	3.800000e-01	7.143000e+01	1563	1	1
77	1	58	2	1	5	41	12	4	3	3	2	1	2	8.100000e-01	7.224000e+01	1460	1	1
77	1	59	2	1	6	36	19	3	5	5	2	1	2	1.000000e-01	7.234000e+01	2152	1	1
77	1	60	2	2	1	3	40	5	2	5	1	1	2	4.400000e-01	7.278000e+01	2589	1	2
77	1	61	2	2	2	20	6	4	2	4	1	1	2	4.700000e-01	7.325000e+01	3399	1	1
77	1	62	2	2	3	8	37	2	4	2	1	1	2	7.300000e-01	7.398000e+01	1447	1	1
77	1	63	2	2	4	44	50	5	2	5	1	1	2	2.200000e-01	7.420000e+01	3473	1	1
77	1	64	2	2	5	19	18	5	2	5	1	1	2	4.300000e-01	7.463000e+01	2057	1	1
77	1	65	2	2	6	12	35	3	2	3	1	1	2	3.000000e-01	7.493000e+01	1080	1	1
77	1	66	2	1	1	19	36	3	4	4	2	1	2	4.600000e-01	7.539000e+01	2759	1	2
77	1	67	2	1	2	52	46	4	5	5	2	1	2	1.220000e+00	7.661000e+01	4055	1	1
77	1	68	2	1	3	32	5	3	2	2	2	1	2	2.100000e-01	7.682000e+01	2078	1	1
77	1	69	2	2	1	54	27	5	4	5	1	1	2	7.200000e-01	7.754000e+01	2625	1	2
77	1	70	2	1	1	3	41	5	4	4	2	1	2	7.000000e-02	7.761000e+01	1661	1	2
77	1	71	2	2	1	10	32	4	3	4	1	1	2	5.200000e-01	7.813000e+01	1535	1	2
77	1	72	2	2	2	7	13	2	5	2	1	1	2	2.000000e-01	7.833000e+01	1718	1	1
77	1	73	2	2	3	21	29	2	5	2	1	1	2	7.500000e-01	7.908000e+01	2991	1	1
77	1	74	2	2	4	43	12	2	4	2	1	1	2	7.600000e-01	7.984000e+01	1864	1	1
77	1	75	2	2	5	49	43	3	4	2	0	0	0	0	7.984000e+01	3774	NaN	NaN
77	1	76	2	1	1	46	22	2	3	3	2	1	2	4.000000e-01	8.024000e+01	4193	1	NaN
77	1	77	2	1	2	21	53	4	5	5	2	1	2	5.600000e-01	8.080000e+01	4897	1	1
77	1	78	2	2	1	19	30	3	4	4	2	1	1	6.900000e-01	8.149000e+01	1624	0	1
77	1	79	2	2	2	20	28	5	3	5	1	1	2	9.800000e-01	8.247000e+01	6215	1	2
77	1	80	2	2	3	1	39	3	2	3	1	1	2	4.600000e-01	8.293000e+01	3630	1	1
77	1	81	2	1	1	54	11	2	3	3	2	1	2	1.800000e-01	8.311000e+01	2480	1	2
77	1	82	2	1	2	41	51	4	5	5	2	1	2	2.000000e-02	8.313000e+01	2393	1	1
77	1	83	2	1	3	3	40	5	3	3	2	1	2	6.400000e-01	8.377000e+01	2919	1	1
77	1	84	2	1	4	18	17	4	2	3	0	0	0	0	8.377000e+01	4543	NaN	NaN
77	1	1	3	2	1	2	4	5	4	5	1	1	2	3.000000e-01	8.407000e+01	2232	1	NaN
77	1	2	3	2	2	39	27	5	4	5	1	1	2	5.300000e-01	8.460000e+01	3175	1	1
77	1	3	3	1	1	49	42	4	5	4	1	1	1	4.600000e-01	8.506000e+01	2023	0	1
77	1	4	3	1	2	29	1	5	3	5	1	1	1	4.500000e-01	8.551000e+01	1336	0	1
77	1	5	3	1	3	37	39	4	2	2	2	1	2	6.700000e-01	8.618000e+01	2513	1	2
77	1	6	3	1	4	30	39	5	3	3	2	1	2	8.400000e-01	8.702000e+01	2001	1	1
77	1	7	3	1	5	36	7	2	3	3	2	1	2	1.500000e+00	8.852000e+01	1481	1	1
77	1	8	3	2	1	21	31	3	4	3	1	1	2	2.000000e-02	8.854000e+01	3850	1	2
77	1	9	3	2	2	16	22	2	4	2	1	1	2	9.900000e-01	8.953000e+01	1979	1	1
77	1	10	3	2	3	37	20	3	2	3	1	1	2	3.200000e-01	8.985000e+01	2280	1	1
77	1	11	3	2	4	11	48	3	2	3	1	1	2	6.500000e-01	9.050000e+01	1336	1	1
77	1	12	3	2	5	48	39	2	5	2	1	1	2	1.230000e+00	9.173000e+01	3307	1	1
77	1	13	3	2	6	4	36	2	3	2	1	1	2	8.300000e-01	9.256000e+01	2753	1	1
77	1	14	3	1	1	53	15	5	4	4	2	1	2	1.420000e+00	9.398000e+01	3783	1	2
77	1	15	3	1	2	51	53	4	5	4	1	1	1	5.600000e-01	9.454000e+01	3594	0	2
77	1	16	3	1	3	35	37	3	5	5	2	1	2	1.380000e+00	9.592000e+01	1841	1	2
77	1	17	3	2	1	10	25	2	4	2	1	1	2	3.400000e-01	9.626000e+01	1259	1	2
77	1	18	3	2	2	3	48	4	3	4	1	1	2	4.000000e-01	9.666000e+01	2950	1	1
77	1	19	3	2	3	53	40	4	3	4	1	1	2	1.060000e+00	9.772000e+01	3929	1	1
77	1	20	3	2	4	38	25	2	5	2	1	1	2	8.000000e-01	9.852000e+01	3349	1	1
77	1	21	3	1	1	41	42	3	2	2	2	1	2	2.200000e-01	9.874000e+01	1505	1	2
77	1	22	3	1	2	38	25	4	2	2	2	1	2	7.600000e-01	9.950000e+01	2388	1	1
77	1	23	3	1	3	4	43	4	5	5	2	1	2	5.400000e-01	1.000400e+02	5761	1	1
77	1	24	3	1	4	41	40	5	2	2	2	1	2	2.700000e-01	1.003100e+02	2679	1	1
77	1	25	3	2	1	48	26	2	4	4	2	1	1	5.500000e-01	1.008600e+02	4070	0	1
77	1	26	3	2	2	51	25	5	4	5	1	1	2	3.500000e-01	1.012100e+02	2064	1	2
77	1	27	3	2	3	33	13	4	2	4	1	1	2	1.080000e+00	1.022900e+02	2949	1	1
77	1	28	3	2	4	34	27	3	5	3	1	1	2	2.000000e-01	1.024900e+02	3708	1	1
77	1	29	3	2	5	35	34	4	2	4	1	1	2	1	1.034900e+02	1590	1	1
77	1	30	3	1	1	27	21	2	4	4	2	1	2	4.500000e-01	1.039400e+02	2977	1	2
77	1	31	3	1	2	41	8	5	3	4	0	0	0	0	1.039400e+02	1527	NaN	NaN
77	1	32	3	1	3	6	33	2	3	3	2	1	2	6.800000e-01	1.046200e+02	2805	1	NaN
77	1	33	3	1	4	14	52	3	2	2	2	1	2	9.400000e-01	1.055600e+02	2752	1	1
77	1	34	3	1	5	37	19	4	2	2	2	1	2	2.000000e-01	1.057600e+02	2023	1	1
77	1	35	3	1	6	51	15	3	4	4	2	1	2	1.700000e-01	1.059300e+02	3000	1	1
77	1	36	3	2	1	5	31	2	4	4	2	1	1	3.800000e-01	1.063100e+02	1209	0	1
77	1	37	3	2	2	54	12	5	4	4	2	1	1	4.800000e-01	1.067900e+02	1005	0	1
77	1	38	3	2	3	26	9	4	3	3	2	1	1	6.800000e-01	1.074700e+02	1616	0	1
77	1	39	3	1	1	33	27	5	2	2	2	1	2	4.800000e-01	1.079500e+02	4452	1	1
77	1	40	3	2	1	48	36	4	2	2	2	1	1	6.400000e-01	1.085900e+02	3694	0	1
77	1	41	3	1	1	19	41	4	5	5	2	1	2	1.700000e-01	1.087600e+02	3333	1	1
77	1	42	3	1	2	39	33	4	2	2	2	1	2	5.000000e-01	1.092600e+02	2450	1	1
77	1	43	3	2	1	27	36	5	2	5	1	1	2	1.300000e-01	1.093900e+02	1958	1	2
77	1	44	3	2	2	13	15	3	2	3	1	1	2	7.800000e-01	1.101700e+02	3081	1	1
77	1	45	3	1	1	14	2	4	5	5	2	1	2	3.800000e-01	1.105500e+02	1793	1	2
77	1	46	3	1	2	10	7	2	5	5	2	1	2	7.300000e-01	1.112800e+02	1552	1	1
77	1	47	3	1	3	1	20	2	5	5	2	1	2	8.100000e-01	1.120900e+02	1649	1	1
77	1	48	3	1	4	36	50	3	4	4	2	1	2	4.600000e-01	1.125500e+02	1622	1	1
77	1	49	3	1	5	14	5	5	3	3	2	1	2	9.200000e-01	1.134700e+02	3313	1	1
77	1	50	3	1	6	47	37	5	2	2	2	1	2	1.590000e+00	1.150600e+02	3086	1	1
77	1	51	3	2	1	6	1	4	3	4	1	1	2	7.500000e-01	1.158100e+02	1853	1	2
77	1	52	3	2	2	36	22	3	2	3	1	1	2	4.900000e-01	1.163000e+02	2713	1	1
77	1	53	3	2	3	18	7	2	3	2	1	1	2	9.300000e-01	1.172300e+02	2554	1	1
77	1	54	3	2	4	35	22	2	5	2	1	1	2	5.300000e-01	1.177600e+02	1686	1	1
77	1	55	3	2	5	9	54	3	5	3	1	1	2	7.300000e-01	1.184900e+02	3198	1	1
77	1	56	3	2	6	13	31	2	3	2	1	1	2	5.000000e-01	1.189900e+02	1255	1	1
77	1	57	3	1	1	46	26	5	4	4	2	1	2	3.700000e-01	1.193600e+02	3593	1	2
77	1	58	3	1	2	1	13	2	4	4	2	1	2	1.100000e+00	1.204600e+02	1798	1	1
77	1	59	3	1	3	13	18	5	2	2	2	1	2	1.380000e+00	1.218400e+02	2777	1	1
77	1	60	3	2	1	11	48	3	5	3	1	1	2	2.500000e-01	1.220900e+02	1425	1	2
77	1	61	3	2	2	30	44	2	4	2	1	1	2	5.500000e-01	1.226400e+02	3303	1	1
77	1	62	3	2	3	20	24	3	4	3	1	1	2	1.200000e-01	1.227600e+02	2806	1	1
77	1	63	3	2	4	43	21	4	3	4	1	1	2	8.200000e-01	1.235800e+02	2361	1	1
77	1	64	3	1	1	38	47	4	5	5	2	1	2	9.700000e-01	1.245500e+02	3009	1	2
77	1	65	3	1	2	51	26	5	2	2	2	1	2	6.000000e-01	1.251500e+02	1389	1	1
77	1	66	3	2	1	22	6	2	5	2	1	1	2	6.200000e-01	1.257700e+02	3630	1	2
77	1	67	3	1	1	8	38	5	3	3	2	1	2	1.070000e+00	1.268400e+02	3192	1	2
77	1	68	3	1	2	1	32	5	3	3	2	1	2	3.700000e-01	1.272100e+02	1994	1	1
77	1	69	3	1	3	21	43	5	4	4	2	1	2	4.400000e-01	1.276500e+02	2681	1	1
77	1	70	3	1	4	35	51	2	5	5	2	1	2	1.700000e-01	1.278200e+02	3409	1	1
77	1	71	3	2	1	15	46	5	3	5	1	1	2	6.300000e-01	1.284500e+02	2777	1	2
77	1	72	3	2	2	48	51	2	3	2	1	1	2	2.400000e-01	1.286900e+02	2856	1	1
77	1	73	3	2	3	29	24	2	3	2	1	1	2	1.010000e+00	1.297000e+02	1839	1	1
77	1	74	3	1	1	52	44	4	3	3	2	1	2	1.600000e-01	1.298600e+02	2125	1	2
77	1	75	3	1	2	19	10	4	3	3	2	1	2	4.900000e-01	1.303500e+02	1149	1	1
77	1	76	3	1	3	31	13	3	2	2	2	1	2	5.000000e-01	1.308500e+02	1117	1	1
77	1	77	3	1	4	18	19	3	5	5	2	1	2	3.800000e-01	1.312300e+02	2056	1	1
77	1	78	3	1	5	52	18	3	4	4	2	1	2	6.900000e-01	1.319200e+02	3776	1	1
77	1	79	3	2	1	34	29	3	5	3	1	1	2	3.800000e-01	1.323000e+02	2800	1	2
77	1	80	3	2	2	8	3	3	5	3	1	1	2	2.000000e-02	1.323200e+02	2711	1	1
77	1	81	3	2	3	44	1	4	5	4	1	1	2	6.100000e-01	1.329300e+02	2203	1	1
77	1	82	3	2	4	3	29	5	2	4	0	0	0	0	1.329300e+02	2047	NaN	NaN
77	1	83	3	2	5	50	42	3	4	4	2	1	1	3.500000e-01	1.332800e+02	1531	0	NaN
77	1	84	3	1	1	35	24	3	4	4	2	1	2	3.400000e-01	1.336200e+02	6224	1	1
77	1	1	4	1	1	39	9	5	2	2	2	1	2	6.000000e-02	1.336800e+02	1424	1	NaN
77	1	2	4	1	2	29	38	4	3	3	2	1	2	2.000000e-02	1.337000e+02	2913	1	1
77	1	3	4	1	3	3	8	5	4	4	2	1	2	3.100000e-01	1.340100e+02	1570	1	1
77	1	4	4	1	4	19	31	2	3	3	2	1	2	5.800000e-01	1.345900e+02	3846	1	1
77	1	5	4	2	1	38	14	2	4	2	1	1	2	4.500000e-01	1.350400e+02	2462	1	2
77	1	6	4	2	2	8	42	3	2	2	2	1	1	6.300000e-01	1.356700e+02	2591	0	2
77	1	7	4	2	3	34	23	4	2	2	2	1	1	4.700000e-01	1.361400e+02	5244	0	1
77	1	8	4	2	4	27	41	2	4	2	1	1	2	5.000000e-01	1.366400e+02	1511	1	2
77	1	9	4	2	5	18	11	3	5	3	1	1	2	5.300000e-01	1.371700e+02	1913	1	1
77	1	10	4	2	6	29	5	3	4	3	1	1	2	6.500000e-01	1.378200e+02	2712	1	1
77	1	11	4	1	1	6	9	5	4	4	2	1	2	7.400000e-01	1.385600e+02	1413	1	2
77	1	12	4	1	2	29	17	3	5	5	2	1	2	1.100000e+00	1.396600e+02	2933	1	1
77	1	13	4	1	3	53	43	2	5	5	2	1	2	2.400000e-01	1.399000e+02	2004	1	1
77	1	14	4	1	4	42	21	2	3	3	2	1	2	6.200000e-01	1.405200e+02	5633	1	1
77	1	15	4	1	5	39	33	5	3	3	2	1	2	4.900000e-01	1.410100e+02	1639	1	1
77	1	16	4	2	1	19	21	5	3	3	2	1	1	4.300000e-01	1.414400e+02	2636	0	1
77	1	17	4	2	2	15	24	4	3	4	1	1	2	1.510000e+00	1.429500e+02	4799	1	2
77	1	18	4	2	3	45	7	4	2	4	1	1	2	3.800000e-01	1.433300e+02	4303	1	1
77	1	19	4	2	4	53	41	2	3	2	1	1	2	1.330000e+00	1.446600e+02	2983	1	1
77	1	20	4	1	1	37	24	3	4	4	2	1	2	6.500000e-01	1.453100e+02	2184	1	2
77	1	21	4	1	2	30	23	5	2	2	2	1	2	7.900000e-01	1.461000e+02	2377	1	1
77	1	22	4	1	3	54	11	4	3	3	2	1	2	1.100000e+00	1.472000e+02	999	1	1
77	1	23	4	2	1	54	38	3	5	3	1	1	2	8.000000e-02	1.472800e+02	1525	1	2
77	1	24	4	2	2	23	1	2	5	2	1	1	2	5.600000e-01	1.478400e+02	2503	1	1
77	1	25	4	2	3	37	15	5	2	5	1	1	2	4.300000e-01	1.482700e+02	2436	1	1
77	1	26	4	2	4	7	35	4	2	4	1	1	2	1.060000e+00	1.493300e+02	2487	1	1
77	1	27	4	2	5	50	30	5	4	5	1	1	2	4.900000e-01	1.498200e+02	5744	1	1
77	1	28	4	1	1	53	10	3	4	4	2	1	2	7.500000e-01	1.505700e+02	2056	1	2
77	1	29	4	1	2	37	4	5	2	2	2	1	2	1.600000e-01	1.507300e+02	2105	1	1
77	1	30	4	2	1	11	48	2	3	2	1	1	2	1.900000e-01	1.509200e+02	1200	1	2
77	1	31	4	2	2	24	38	4	5	4	1	1	2	6.500000e-01	1.515700e+02	1430	1	1
77	1	32	4	2	3	44	6	5	4	5	1	1	2	5.500000e-01	1.521200e+02	1597	1	1
77	1	33	4	1	1	22	29	3	5	4	0	0	0	0	1.521200e+02	2768	NaN	NaN
77	1	34	4	2	1	43	44	3	4	3	1	1	2	1.370000e+00	1.534900e+02	4550	1	NaN
77	1	35	4	1	1	37	49	2	5	5	2	1	2	3.700000e-01	1.538600e+02	2216	1	2
77	1	36	4	1	2	45	51	4	3	3	2	1	2	1.540000e+00	1.554000e+02	1647	1	1
77	1	37	4	1	3	38	26	4	3	3	2	1	2	1.210000e+00	1.566100e+02	1216	1	1
77	1	38	4	1	4	50	24	3	4	4	2	1	2	2.300000e-01	1.568400e+02	1765	1	1
77	1	39	4	1	5	9	3	4	3	3	2	1	2	4.100000e-01	1.572500e+02	2497	1	1
77	1	40	4	1	6	14	49	4	5	5	2	1	2	5.000000e-01	1.577500e+02	5527	1	1
77	1	41	4	2	1	29	8	3	2	2	2	1	1	6.000000e-01	1.583500e+02	2842	0	1
77	1	42	4	2	2	54	50	2	4	4	2	1	1	4.100000e-01	1.587600e+02	2224	0	1
77	1	43	4	1	1	31	5	5	3	3	2	1	2	1.600000e-01	1.589200e+02	3013	1	1
77	1	44	4	1	2	41	33	5	2	2	2	1	2	4.100000e-01	1.593300e+02	2728	1	1
77	1	45	4	1	3	31	47	5	2	2	2	1	2	4.900000e-01	1.598200e+02	2391	1	1
77	1	46	4	2	1	21	41	5	3	5	1	1	2	6.300000e-01	1.604500e+02	3945	1	2
77	1	47	4	2	2	27	7	3	2	2	2	1	1	6.200000e-01	1.610700e+02	2327	0	2
77	1	48	4	1	1	52	51	2	5	5	2	1	2	7.900000e-01	1.618600e+02	3806	1	1
77	1	49	4	1	2	22	38	4	5	5	2	1	2	8.300000e-01	1.626900e+02	2783	1	1
77	1	50	4	2	1	30	31	3	5	3	1	1	2	8.800000e-01	1.635700e+02	5169	1	2
77	1	51	4	2	2	42	3	2	4	2	1	1	2	8.000000e-01	1.643700e+02	2664	1	1
77	1	52	4	2	3	25	4	2	5	2	1	1	2	1.120000e+00	1.654900e+02	1064	1	1
77	1	53	4	2	4	31	2	4	2	4	1	1	2	6.500000e-01	1.661400e+02	3837	1	1
77	1	54	4	1	1	51	52	3	5	5	2	1	2	1.800000e-01	1.663200e+02	4313	1	2
77	1	55	4	1	2	18	13	2	4	4	2	1	2	4.300000e-01	1.667500e+02	2560	1	1
77	1	56	4	1	3	23	31	2	4	4	2	1	2	7.200000e-01	1.674700e+02	3192	1	1
77	1	57	4	1	4	43	42	2	5	5	2	1	2	5.600000e-01	1.680300e+02	2176	1	1
77	1	58	4	1	5	12	52	5	3	3	2	1	2	2.200000e-01	1.682500e+02	1832	1	1
77	1	59	4	2	1	4	11	2	3	2	1	1	2	1.900000e-01	1.684400e+02	2072	1	2
77	1	60	4	2	2	28	33	4	2	4	1	1	2	4.800000e-01	1.689200e+02	1559	1	1
77	1	61	4	2	3	25	34	5	4	5	1	1	2	6.800000e-01	1.696000e+02	1464	1	1
77	1	62	4	2	4	36	35	2	3	2	1	1	2	3.400000e-01	1.699400e+02	2935	1	1
77	1	63	4	2	5	3	24	3	2	3	1	1	2	2.600000e-01	1.702000e+02	2350	1	1
77	1	64	4	1	1	38	8	3	2	2	2	1	2	4.800000e-01	1.706800e+02	4694	1	2
77	1	65	4	1	2	26	25	4	3	3	2	1	2	4.200000e-01	1.711000e+02	1342	1	1
77	1	66	4	1	3	22	23	5	4	4	2	1	2	5.000000e-02	1.711500e+02	3096	1	1
77	1	67	4	1	4	21	35	3	2	2	2	1	2	1.110000e+00	1.722600e+02	3472	1	1
77	1	68	4	2	1	36	23	5	4	5	1	1	2	7.100000e-01	1.729700e+02	5638	1	2
77	1	69	4	2	2	47	20	4	2	4	1	1	2	1.100000e+00	1.740700e+02	1783	1	1
77	1	70	4	2	3	44	1	4	5	4	1	1	2	2.700000e-01	1.743400e+02	3845	1	1
77	1	71	4	1	1	32	44	5	3	3	2	1	2	8.800000e-01	1.752200e+02	1822	1	2
77	1	72	4	2	1	38	40	4	5	4	1	1	2	5.200000e-01	1.757400e+02	3889	1	2
77	1	73	4	2	2	34	27	5	3	5	1	1	2	1.400000e-01	1.758800e+02	2184	1	1
77	1	74	4	2	3	52	35	3	2	3	1	1	2	4.600000e-01	1.763400e+02	2392	1	1
77	1	75	4	2	4	39	47	3	4	3	1	1	2	1.010000e+00	1.773500e+02	2823	1	1
77	1	76	4	2	5	40	31	4	5	4	1	1	2	4.000000e-02	1.773900e+02	2217	1	1
77	1	77	4	2	6	16	30	3	4	3	1	1	2	1.800000e-01	1.775700e+02	2896	1	1
77	1	78	4	1	1	27	41	4	5	5	2	1	2	1.130000e+00	1.787000e+02	3432	1	2
77	1	79	4	1	2	12	54	4	2	2	2	1	2	7.000000e-02	1.787700e+02	3384	1	1
77	1	80	4	1	3	45	42	2	4	4	2	1	2	3.100000e-01	1.790800e+02	2941	1	1
77	1	81	4	1	4	7	51	2	3	3	2	1	2	2.600000e-01	1.793400e+02	3559	1	1
77	1	82	4	1	5	26	27	3	5	5	2	1	2	1.260000e+00	1.806000e+02	3806	1	1
77	1	83	4	1	6	25	18	2	5	5	2	1	2	5.400000e-01	1.811400e+02	2368	1	1
77	1	84	4	2	1	21	15	5	2	5	1	1	2	1.320000e+00	1.824600e+02	4249	1	2
