LEDIS1	Code = 57	
SubNo	Group(1=OptHighReward;2=OptLowReward)	Block_trial	Block	VarDist_cond	Run_number	Targ1_position	Targ2_position	Red_targ_digit	Blue_targ_digit	Response	Targ_Choice	Acc	OutcomeCond(0=inaccurate;1=lowReward;2=highReward)	OutcomeValue	Points	RT	Optimal_Choice	Repeat_Switch
57	1	1	0	1	1	38	2	2	3	3	2	1	NaN	0	0	6077	1	NaN
57	1	2	0	1	2	15	39	4	5	4	1	1	NaN	0	0	6820	0	2
57	1	3	0	2	1	53	19	4	3	4	1	1	NaN	0	0	3628	1	1
57	1	4	0	2	2	1	45	4	5	4	1	1	NaN	0	0	2897	1	1
57	1	5	0	2	3	27	32	5	2	5	1	1	NaN	0	0	5244	1	1
57	1	6	0	1	1	42	2	3	2	2	2	1	NaN	0	0	2794	1	2
57	1	7	0	1	2	31	7	4	2	2	2	1	NaN	0	0	4783	1	1
57	1	8	0	1	3	50	20	4	2	2	2	1	NaN	0	0	5766	1	1
57	1	9	0	1	4	4	9	3	2	2	2	1	NaN	0	0	2396	1	1
57	1	10	0	1	5	36	21	2	3	3	2	1	NaN	0	0	3209	1	1
57	1	1	1	1	1	53	51	3	5	3	1	1	1	4.500000e-01	4.500000e-01	1586	0	NaN
57	1	2	1	1	2	30	11	5	4	4	2	1	2	5.600000e-01	1.010000e+00	1762	1	2
57	1	3	1	2	1	42	36	4	5	5	2	1	1	5.300000e-01	1.540000e+00	2823	0	1
57	1	4	1	2	2	23	51	4	2	4	1	1	2	1.060000e+00	2.600000e+00	5357	1	2
57	1	5	1	2	3	5	30	5	2	2	2	1	1	6.400000e-01	3.240000e+00	1470	0	2
57	1	6	1	1	1	1	25	2	3	2	1	1	1	5.000000e-01	3.740000e+00	1294	0	2
57	1	7	1	1	2	54	40	5	3	5	1	1	1	5.400000e-01	4.280000e+00	4272	0	1
57	1	8	1	1	3	50	23	2	3	3	2	1	2	5.800000e-01	4.860000e+00	10646	1	2
57	1	9	1	1	4	24	34	3	5	3	1	1	1	4.800000e-01	5.340000e+00	7030	0	2
57	1	10	1	1	5	37	30	5	2	2	2	1	2	8.400000e-01	6.180000e+00	4407	1	2
57	1	11	1	1	6	33	48	5	2	2	2	1	2	2.200000e-01	6.400000e+00	1349	1	1
57	1	12	1	2	1	8	1	3	2	2	2	1	1	7.600000e-01	7.160000e+00	1416	0	1
57	1	13	1	1	1	54	21	3	2	2	2	1	2	4.400000e-01	7.600000e+00	1679	1	1
57	1	14	1	2	1	49	41	2	5	5	2	1	1	5.100000e-01	8.110000e+00	6797	0	1
57	1	15	1	2	2	10	11	4	5	5	2	1	1	6.300000e-01	8.740000e+00	5870	0	1
57	1	16	1	1	1	23	32	5	3	3	2	1	2	5.300000e-01	9.270000e+00	2240	1	1
57	1	17	1	1	2	35	50	5	4	4	2	1	2	4.500000e-01	9.720000e+00	4114	1	1
57	1	18	1	1	3	21	39	3	2	2	2	1	2	1.100000e-01	9.830000e+00	2249	1	1
57	1	19	1	2	1	53	16	2	5	5	2	1	1	5.300000e-01	1.036000e+01	6088	0	1
57	1	20	1	2	2	13	42	2	3	3	2	1	1	3.400000e-01	1.070000e+01	7688	0	1
57	1	21	1	2	3	13	5	3	4	4	2	1	1	5.800000e-01	1.128000e+01	4748	0	1
57	1	22	1	2	4	32	39	2	3	2	1	1	2	1.270000e+00	1.255000e+01	1121	1	2
57	1	23	1	2	5	37	47	4	3	4	1	1	2	1.700000e-01	1.272000e+01	2378	1	1
57	1	24	1	1	1	17	48	2	4	2	1	1	1	6.000000e-01	1.332000e+01	897	0	1
57	1	25	1	1	2	32	26	2	5	2	1	1	1	6.500000e-01	1.397000e+01	4496	0	1
57	1	26	1	1	3	46	3	5	2	2	2	1	2	7.700000e-01	1.474000e+01	1680	1	2
57	1	27	1	1	4	10	15	4	2	2	2	1	2	3.100000e-01	1.505000e+01	846	1	1
57	1	28	1	1	5	41	36	3	2	2	2	1	2	8.300000e-01	1.588000e+01	1607	1	1
57	1	29	1	2	1	5	28	5	2	2	2	1	1	6.000000e-01	1.648000e+01	7193	0	1
57	1	30	1	2	2	42	4	4	2	4	1	1	2	8.400000e-01	1.732000e+01	4780	1	2
57	1	31	1	2	3	1	42	3	4	3	1	1	2	1.110000e+00	1.843000e+01	1661	1	1
57	1	32	1	2	4	2	36	4	3	4	1	1	2	8.200000e-01	1.925000e+01	1977	1	1
57	1	33	1	2	5	53	41	3	4	3	1	1	2	1.060000e+00	2.031000e+01	3497	1	1
57	1	34	1	2	6	39	16	3	4	4	2	1	1	3.600000e-01	2.067000e+01	2558	0	2
57	1	35	1	1	1	3	13	5	3	4	0	0	0	0	2.067000e+01	1775	NaN	NaN
57	1	36	1	1	2	9	7	4	5	5	2	1	2	4.900000e-01	2.116000e+01	4496	1	NaN
57	1	37	1	1	3	5	38	4	3	3	2	1	2	4.300000e-01	2.159000e+01	4063	1	1
57	1	38	1	1	4	24	2	2	4	4	2	1	2	6.200000e-01	2.221000e+01	2263	1	1
57	1	39	1	2	1	34	11	4	5	5	2	1	1	3.800000e-01	2.259000e+01	6046	0	1
57	1	40	1	2	2	36	44	2	3	2	1	1	2	1.170000e+00	2.376000e+01	3395	1	2
57	1	41	1	2	3	47	33	5	3	3	2	1	1	4.100000e-01	2.417000e+01	4052	0	2
57	1	42	1	2	4	11	35	5	4	4	2	1	1	5.600000e-01	2.473000e+01	10768	0	1
57	1	43	1	1	1	51	39	2	3	2	1	1	1	5.300000e-01	2.526000e+01	8486	0	2
57	1	44	1	1	2	1	19	3	5	3	1	1	1	3.900000e-01	2.565000e+01	8310	0	1
57	1	45	1	1	3	39	25	4	5	4	1	1	1	2.400000e-01	2.589000e+01	4614	0	1
57	1	46	1	1	4	5	52	2	4	2	1	1	1	4.900000e-01	2.638000e+01	1200	0	1
57	1	47	1	2	1	54	31	2	4	4	2	1	1	3.800000e-01	2.676000e+01	1353	0	2
57	1	48	1	2	2	39	14	5	4	4	2	1	1	5.700000e-01	2.733000e+01	1006	0	1
57	1	49	1	2	3	36	28	3	4	3	1	1	2	7.400000e-01	2.807000e+01	3943	1	2
57	1	50	1	2	4	13	48	3	4	4	2	1	1	7.000000e-01	2.877000e+01	4585	0	2
57	1	51	1	1	1	49	21	4	2	4	1	1	1	5.700000e-01	2.934000e+01	2424	0	2
57	1	52	1	1	2	41	8	2	4	4	2	1	2	2.000000e-01	2.954000e+01	7776	1	2
57	1	53	1	1	3	34	37	3	4	3	1	1	1	5.400000e-01	3.008000e+01	2895	0	2
57	1	54	1	1	4	31	46	5	4	4	2	1	2	2.000000e-02	3.010000e+01	5222	1	2
57	1	55	1	1	5	14	53	4	5	5	2	1	2	4.900000e-01	3.059000e+01	10017	1	1
57	1	56	1	2	1	12	54	5	4	4	2	1	1	4.900000e-01	3.108000e+01	1942	0	1
57	1	57	1	2	2	46	36	3	5	5	2	1	1	5.000000e-01	3.158000e+01	4200	0	1
57	1	58	1	2	3	9	38	4	3	4	1	1	2	3.500000e-01	3.193000e+01	3636	1	2
57	1	59	1	2	4	31	33	5	2	2	2	1	1	6.300000e-01	3.256000e+01	4173	0	2
57	1	60	1	2	5	1	47	4	3	4	1	1	2	7.000000e-01	3.326000e+01	3798	1	2
57	1	61	1	1	1	12	4	4	2	2	2	1	2	9.200000e-01	3.418000e+01	1989	1	2
57	1	62	1	1	2	34	26	3	2	3	1	1	1	5.900000e-01	3.477000e+01	1798	0	2
57	1	63	1	2	1	29	35	3	5	4	0	0	0	0	3.477000e+01	4759	NaN	NaN
57	1	64	1	2	2	18	46	3	5	3	1	1	2	7.700000e-01	3.554000e+01	4509	1	NaN
57	1	65	1	2	3	12	44	2	5	2	1	1	2	5.200000e-01	3.606000e+01	5676	1	1
57	1	66	1	2	4	22	11	5	3	5	1	1	2	8.200000e-01	3.688000e+01	3911	1	1
57	1	67	1	2	5	25	5	5	3	3	2	1	1	5.700000e-01	3.745000e+01	3664	0	2
57	1	68	1	2	6	19	23	2	5	2	1	1	2	3.800000e-01	3.783000e+01	7831	1	2
57	1	69	1	1	1	23	34	3	5	3	1	1	1	4.600000e-01	3.829000e+01	5570	0	1
57	1	70	1	2	1	28	30	3	2	3	1	1	2	3.600000e-01	3.865000e+01	2841	1	1
57	1	71	1	2	2	28	51	5	4	5	1	1	2	3.900000e-01	3.904000e+01	1816	1	1
57	1	72	1	2	3	45	26	4	3	4	1	1	2	5.600000e-01	3.960000e+01	2784	1	1
57	1	73	1	1	1	13	52	2	4	2	1	1	1	5.400000e-01	4.014000e+01	3865	0	1
57	1	74	1	1	2	54	2	4	5	4	1	1	1	6.700000e-01	4.081000e+01	1390	0	1
57	1	75	1	1	3	36	3	2	5	2	1	1	1	4.600000e-01	4.127000e+01	480	0	1
57	1	76	1	2	1	50	17	3	2	4	0	0	0	0	4.127000e+01	1774	NaN	NaN
57	1	77	1	1	1	11	26	5	2	5	1	1	1	5.700000e-01	4.184000e+01	1584	0	NaN
57	1	78	1	1	2	31	37	4	2	4	1	1	1	5.900000e-01	4.243000e+01	3096	0	1
57	1	79	1	1	3	45	37	2	5	2	1	1	1	6.100000e-01	4.304000e+01	1046	0	1
57	1	80	1	1	4	42	41	4	3	4	1	1	1	3.800000e-01	4.342000e+01	2384	0	1
57	1	81	1	1	5	50	30	4	2	3	0	0	0	0	4.342000e+01	1450	NaN	NaN
57	1	82	1	1	6	33	5	2	3	2	1	1	1	5.200000e-01	4.394000e+01	766	0	NaN
57	1	83	1	2	1	46	8	5	3	5	1	1	2	6.100000e-01	4.455000e+01	5767	1	1
57	1	84	1	2	2	8	15	2	4	2	1	1	2	3.000000e-02	4.458000e+01	2260	1	1
57	1	1	2	2	1	30	24	4	2	4	1	1	2	1.500000e-01	4.473000e+01	1456	1	NaN
57	1	2	2	2	2	23	7	2	5	2	1	1	2	1.010000e+00	4.574000e+01	3485	1	1
57	1	3	2	2	3	33	22	4	5	4	1	1	2	4.400000e-01	4.618000e+01	3512	1	1
57	1	4	2	2	4	49	25	3	5	3	1	1	2	6.800000e-01	4.686000e+01	3398	1	1
57	1	5	2	1	1	15	40	3	5	3	1	1	1	5.100000e-01	4.737000e+01	5257	0	1
57	1	6	2	1	2	28	27	2	3	2	1	1	1	4.300000e-01	4.780000e+01	861	0	1
57	1	7	2	1	3	13	46	4	2	4	1	1	1	4.300000e-01	4.823000e+01	1102	0	1
57	1	8	2	1	4	51	15	2	5	2	1	1	1	5.500000e-01	4.878000e+01	1856	0	1
57	1	9	2	1	5	6	30	3	4	4	2	1	2	5.000000e-02	4.883000e+01	2876	1	2
57	1	10	2	1	6	49	4	5	4	5	1	1	1	5.900000e-01	4.942000e+01	2666	0	2
57	1	11	2	2	1	48	42	2	5	2	1	1	2	7.700000e-01	5.019000e+01	3338	1	1
57	1	12	2	2	2	45	27	5	3	5	1	1	2	1.100000e-01	5.030000e+01	3069	1	1
57	1	13	2	2	3	32	42	4	3	4	1	1	2	3.700000e-01	5.067000e+01	7321	1	1
57	1	14	2	2	4	42	15	3	4	4	2	1	1	3.600000e-01	5.103000e+01	562	0	2
57	1	15	2	2	5	6	26	2	4	2	1	1	2	9.600000e-01	5.199000e+01	2175	1	2
57	1	16	2	1	1	4	8	4	5	4	1	1	1	4.400000e-01	5.243000e+01	3415	0	1
57	1	17	2	1	2	50	18	5	4	4	2	1	2	6.500000e-01	5.308000e+01	1315	1	2
57	1	18	2	1	3	30	2	2	5	2	1	1	1	5.300000e-01	5.361000e+01	4367	0	2
57	1	19	2	2	1	43	15	2	3	4	0	0	0	0	5.361000e+01	1064	NaN	NaN
57	1	20	2	2	2	15	34	2	4	2	1	1	2	5.100000e-01	5.412000e+01	1021	1	NaN
57	1	21	2	2	3	24	30	5	3	5	1	1	2	3.000000e-02	5.415000e+01	2191	1	1
57	1	22	2	2	4	4	15	4	2	4	1	1	2	5.000000e-02	5.420000e+01	2097	1	1
57	1	23	2	2	5	11	5	5	3	5	1	1	2	3.200000e-01	5.452000e+01	808	1	1
57	1	24	2	2	6	15	19	2	5	2	1	1	2	0	5.452000e+01	1347	1	1
57	1	25	2	1	1	4	52	4	3	4	1	1	1	6.700000e-01	5.519000e+01	1525	0	1
57	1	26	2	1	2	33	24	2	3	2	1	1	1	5.100000e-01	5.570000e+01	1633	0	1
57	1	27	2	1	3	39	43	3	4	5	0	0	0	0	5.570000e+01	2080	NaN	NaN
57	1	28	2	1	4	8	48	2	4	2	1	1	1	3.600000e-01	5.606000e+01	5457	0	NaN
57	1	29	2	2	1	31	11	4	5	4	1	1	2	4.800000e-01	5.654000e+01	3546	1	1
57	1	30	2	1	1	22	53	3	5	5	2	1	2	3.800000e-01	5.692000e+01	3619	1	2
57	1	31	2	1	2	50	37	5	4	4	2	1	2	9.500000e-01	5.787000e+01	1344	1	1
57	1	32	2	2	1	15	44	5	4	4	2	1	1	5.200000e-01	5.839000e+01	4526	0	1
57	1	33	2	2	2	27	5	3	2	3	1	1	2	8.100000e-01	5.920000e+01	1614	1	2
57	1	34	2	1	1	19	35	4	3	3	2	1	2	2.800000e-01	5.948000e+01	4025	1	2
57	1	35	2	1	2	6	2	4	5	4	1	1	1	4.700000e-01	5.995000e+01	2639	0	2
57	1	36	2	1	3	37	23	5	2	2	2	1	2	9.400000e-01	6.089000e+01	2906	1	2
57	1	37	2	1	4	47	22	4	3	3	2	1	2	5.100000e-01	6.140000e+01	5572	1	1
57	1	38	2	1	5	23	52	3	4	4	2	1	2	2.000000e-01	6.160000e+01	3111	1	1
57	1	39	2	2	1	27	35	5	3	4	0	0	0	0	6.160000e+01	3702	NaN	NaN
57	1	40	2	2	2	44	31	4	5	4	1	1	2	8.800000e-01	6.248000e+01	3994	1	NaN
57	1	41	2	2	3	51	2	3	5	3	1	1	2	6.100000e-01	6.309000e+01	9672	1	1
57	1	42	2	1	1	11	17	5	2	2	2	1	2	3.000000e-02	6.312000e+01	3126	1	2
57	1	43	2	2	1	50	36	2	3	2	1	1	2	1.130000e+00	6.425000e+01	4514	1	2
57	1	44	2	2	2	16	15	4	2	2	2	1	1	5.300000e-01	6.478000e+01	3991	0	2
57	1	45	2	2	3	25	29	5	4	4	2	1	1	6.700000e-01	6.545000e+01	1501	0	1
57	1	46	2	2	4	34	47	5	2	2	2	1	1	6.300000e-01	6.608000e+01	2246	0	1
57	1	47	2	2	5	25	4	2	3	2	1	1	2	1.800000e-01	6.626000e+01	3984	1	2
57	1	48	2	2	6	18	2	5	2	2	2	1	1	3.500000e-01	6.661000e+01	1400	0	2
57	1	49	2	1	1	34	27	5	4	4	2	1	2	4.700000e-01	6.708000e+01	3676	1	1
57	1	50	2	1	2	8	7	3	5	3	1	1	1	4.600000e-01	6.754000e+01	4265	0	2
57	1	51	2	1	3	48	29	3	2	2	2	1	2	1.000000e-01	6.764000e+01	1320	1	2
57	1	52	2	1	4	3	51	4	2	2	2	1	2	7.300000e-01	6.837000e+01	1207	1	1
57	1	53	2	1	5	17	5	5	3	5	1	1	1	6.800000e-01	6.905000e+01	3647	0	2
57	1	54	2	2	1	16	41	5	4	4	2	1	1	4.400000e-01	6.949000e+01	4063	0	2
57	1	55	2	2	2	51	21	5	3	3	2	1	1	4.000000e-01	6.989000e+01	3886	0	1
57	1	56	2	2	3	47	3	3	2	2	2	1	1	4.700000e-01	7.036000e+01	2248	0	1
57	1	57	2	2	4	51	13	5	2	5	1	1	2	8.100000e-01	7.117000e+01	4501	1	2
57	1	58	2	2	5	15	11	2	4	4	2	1	1	4.000000e-01	7.157000e+01	1891	0	2
57	1	59	2	1	1	9	48	3	4	4	2	1	2	4.400000e-01	7.201000e+01	3190	1	1
57	1	60	2	1	2	45	32	4	3	4	1	1	1	4.900000e-01	7.250000e+01	3297	0	2
57	1	61	2	1	3	21	40	4	2	4	1	1	1	5.600000e-01	7.306000e+01	4918	0	1
57	1	62	2	1	4	26	4	5	2	5	1	1	1	4.300000e-01	7.349000e+01	1584	0	1
57	1	63	2	1	5	39	32	4	3	4	1	1	1	4.800000e-01	7.397000e+01	3534	0	1
57	1	64	2	1	6	19	35	3	5	3	1	1	1	4.500000e-01	7.442000e+01	4822	0	1
57	1	65	2	2	1	38	29	5	3	3	2	1	1	4.900000e-01	7.491000e+01	2488	0	2
57	1	66	2	1	1	12	39	4	3	4	1	1	1	6.800000e-01	7.559000e+01	1048	0	2
57	1	67	2	1	2	39	25	4	5	4	1	1	1	4.300000e-01	7.602000e+01	5516	0	1
57	1	68	2	1	3	42	8	2	4	2	1	1	1	3.400000e-01	7.636000e+01	5064	0	1
57	1	69	2	2	1	12	44	3	5	3	1	1	2	7.200000e-01	7.708000e+01	1352	1	1
57	1	70	2	2	2	26	11	2	3	2	1	1	2	7.000000e-02	7.715000e+01	5408	1	1
57	1	71	2	2	3	36	35	5	2	5	1	1	2	5.200000e-01	7.767000e+01	2472	1	1
57	1	72	2	2	4	29	50	3	4	3	1	1	2	2.000000e-01	7.787000e+01	1496	1	1
57	1	73	2	1	1	43	31	2	3	2	1	1	1	5.600000e-01	7.843000e+01	5991	0	1
57	1	74	2	1	2	32	7	3	2	2	2	1	2	7.600000e-01	7.919000e+01	2471	1	2
57	1	75	2	2	1	39	4	3	2	2	2	1	1	4.800000e-01	7.967000e+01	1502	0	1
57	1	76	2	2	2	41	17	3	2	3	1	1	2	5.600000e-01	8.023000e+01	2784	1	2
57	1	77	2	2	3	39	3	4	5	5	2	1	1	6.900000e-01	8.092000e+01	6119	0	2
57	1	78	2	1	1	38	22	2	4	2	1	1	1	6.200000e-01	8.154000e+01	2503	0	2
57	1	79	2	2	1	3	48	2	4	2	1	1	2	4.600000e-01	8.200000e+01	3743	1	1
57	1	80	2	2	2	49	22	4	2	2	2	1	1	4.200000e-01	8.242000e+01	2241	0	2
57	1	81	2	1	1	26	41	2	5	2	1	1	1	3.800000e-01	8.280000e+01	1120	0	2
57	1	82	2	1	2	52	25	2	5	2	1	1	1	3.500000e-01	8.315000e+01	865	0	1
57	1	83	2	1	3	25	51	3	2	3	1	1	1	5.300000e-01	8.368000e+01	2130	0	1
57	1	84	2	1	4	26	39	3	4	3	1	1	1	4.500000e-01	8.413000e+01	3352	0	1
57	1	1	3	2	1	16	2	3	2	3	1	1	2	5.300000e-01	8.466000e+01	2752	1	NaN
57	1	2	3	2	2	42	5	5	4	5	1	1	2	3.300000e-01	8.499000e+01	9648	1	1
57	1	3	3	2	3	8	21	4	2	2	2	1	1	4.500000e-01	8.544000e+01	2807	0	2
57	1	4	3	2	4	18	41	4	5	4	1	1	2	6.700000e-01	8.611000e+01	376	1	2
57	1	5	3	2	5	30	10	3	5	3	1	1	2	8.400000e-01	8.695000e+01	642	1	1
57	1	6	3	1	1	12	50	5	2	5	1	1	1	7.500000e-01	8.770000e+01	1189	0	1
57	1	7	3	1	2	44	11	3	2	3	1	1	1	3.400000e-01	8.804000e+01	4494	0	1
57	1	8	3	1	3	51	8	2	4	2	1	1	1	3.800000e-01	8.842000e+01	928	0	1
57	1	9	3	1	4	10	24	3	2	3	1	1	1	6.200000e-01	8.904000e+01	6013	0	1
57	1	10	3	1	5	2	14	4	3	3	2	1	2	3.200000e-01	8.936000e+01	5555	1	2
57	1	11	3	2	1	50	16	3	2	2	2	1	1	3.400000e-01	8.970000e+01	4230	0	1
57	1	12	3	2	2	44	26	4	2	2	2	1	1	5.400000e-01	9.024000e+01	1913	0	1
57	1	13	3	2	3	50	5	3	5	3	1	1	2	1.230000e+00	9.147000e+01	4929	1	2
57	1	14	3	1	1	1	21	5	4	5	1	1	1	5.800000e-01	9.205000e+01	1761	0	1
57	1	15	3	1	2	22	26	2	5	2	1	1	1	7.300000e-01	9.278000e+01	2028	0	1
57	1	16	3	1	3	18	19	3	4	3	1	1	1	5.600000e-01	9.334000e+01	3214	0	1
57	1	17	3	1	4	36	21	2	4	2	1	1	1	7.200000e-01	9.406000e+01	1825	0	1
57	1	18	3	1	5	1	46	4	5	4	1	1	1	4.600000e-01	9.452000e+01	1646	0	1
57	1	19	3	1	6	31	49	3	4	3	1	1	1	3.700000e-01	9.489000e+01	1537	0	1
57	1	20	3	2	1	9	8	2	3	3	2	1	1	4.800000e-01	9.537000e+01	2359	0	2
57	1	21	3	1	1	45	9	2	4	2	1	1	1	6.400000e-01	9.601000e+01	4352	0	2
57	1	22	3	1	2	21	8	5	2	5	1	1	1	3.700000e-01	9.638000e+01	5144	0	1
57	1	23	3	1	3	41	54	5	4	5	1	1	1	5.700000e-01	9.695000e+01	2608	0	1
57	1	24	3	2	1	36	28	3	2	3	1	1	2	2.200000e-01	9.717000e+01	3798	1	1
57	1	25	3	2	2	47	15	2	5	2	1	1	2	7.600000e-01	9.793000e+01	2167	1	1
57	1	26	3	2	3	13	53	4	5	4	1	1	2	5.400000e-01	9.847000e+01	1633	1	1
57	1	27	3	2	4	28	13	5	3	5	1	1	2	2.700000e-01	9.874000e+01	3462	1	1
57	1	28	3	2	5	24	6	5	2	5	1	1	2	7.200000e-01	9.946000e+01	3072	1	1
57	1	29	3	2	6	25	48	3	2	3	1	1	2	3.500000e-01	9.981000e+01	2408	1	1
57	1	30	3	1	1	51	13	3	5	3	1	1	1	6.500000e-01	1.004600e+02	1987	0	1
57	1	31	3	1	2	37	40	5	2	3	0	0	0	0	1.004600e+02	4477	NaN	NaN
57	1	32	3	2	1	20	16	3	4	3	1	1	2	2.000000e-01	1.006600e+02	1561	1	NaN
57	1	33	3	2	2	15	23	5	4	5	1	1	2	1	1.016600e+02	4977	1	1
57	1	34	3	1	1	14	15	2	4	2	1	1	1	4.900000e-01	1.021500e+02	1007	0	1
57	1	35	3	2	1	25	5	2	3	2	1	1	2	6.800000e-01	1.028300e+02	2097	1	1
57	1	36	3	2	2	24	25	5	4	5	1	1	2	9.400000e-01	1.037700e+02	2360	1	1
57	1	37	3	2	3	12	5	5	3	5	1	1	2	2.000000e-01	1.039700e+02	1183	1	1
57	1	38	3	2	4	6	14	2	5	2	1	1	2	1.700000e-01	1.041400e+02	2112	1	1
57	1	39	3	1	1	23	15	5	3	3	2	1	2	2.000000e-02	1.041600e+02	2970	1	2
57	1	40	3	1	2	40	51	4	5	5	2	1	2	4.100000e-01	1.045700e+02	2562	1	1
57	1	41	3	1	3	36	16	2	4	2	1	1	1	6.800000e-01	1.052500e+02	1989	0	2
57	1	42	3	1	4	9	43	2	4	4	2	1	2	4.800000e-01	1.057300e+02	4458	1	2
57	1	43	3	2	1	51	41	2	3	3	2	1	1	6.400000e-01	1.063700e+02	8295	0	1
57	1	44	3	2	2	32	31	4	2	2	2	1	1	4.200000e-01	1.067900e+02	3750	0	1
57	1	45	3	2	3	6	51	4	5	4	1	1	2	5.000000e-01	1.072900e+02	3045	1	2
57	1	46	3	1	1	1	3	4	3	3	2	1	2	1.300000e-01	1.074200e+02	1690	1	2
57	1	47	3	1	2	53	39	2	3	2	1	1	1	5.700000e-01	1.079900e+02	2393	0	2
57	1	48	3	1	3	39	45	3	5	5	2	1	2	3.800000e-01	1.083700e+02	3399	1	2
57	1	49	3	2	1	6	41	5	2	5	1	1	2	7.300000e-01	1.091000e+02	5712	1	2
57	1	50	3	2	2	23	19	5	3	5	1	1	2	8.100000e-01	1.099100e+02	2327	1	1
57	1	51	3	2	3	44	26	4	2	2	2	1	1	4.900000e-01	1.104000e+02	3633	0	2
57	1	52	3	2	4	32	8	2	4	4	2	1	1	6.000000e-01	1.110000e+02	3104	0	1
57	1	53	3	2	5	36	17	4	5	4	1	1	2	1.590000e+00	1.125900e+02	11176	1	2
57	1	54	3	1	1	43	6	5	4	4	2	1	2	7.500000e-01	1.133400e+02	1802	1	2
57	1	55	3	1	2	11	14	5	2	2	2	1	2	4.900000e-01	1.138300e+02	863	1	1
57	1	56	3	1	3	23	34	3	5	3	1	1	1	6.100000e-01	1.144400e+02	4095	0	2
57	1	57	3	1	4	3	24	3	4	5	0	0	0	0	1.144400e+02	1149	NaN	NaN
57	1	58	3	1	5	38	22	4	3	4	1	1	1	5.100000e-01	1.149500e+02	2294	0	NaN
57	1	59	3	1	6	2	5	4	3	3	2	1	2	7.300000e-01	1.156800e+02	2504	1	2
57	1	60	3	2	1	48	19	3	5	5	2	1	1	5.000000e-01	1.161800e+02	2784	0	1
57	1	61	3	2	2	45	53	2	5	5	2	1	1	4.700000e-01	1.166500e+02	5015	0	1
57	1	62	3	2	3	11	51	5	3	3	2	1	1	6.500000e-01	1.173000e+02	1569	0	1
57	1	63	3	2	4	44	3	2	3	3	2	1	1	7.200000e-01	1.180200e+02	3935	0	1
57	1	64	3	2	5	29	22	4	3	3	2	1	1	4.400000e-01	1.184600e+02	1320	0	1
57	1	65	3	2	6	25	15	2	5	5	2	1	1	5.100000e-01	1.189700e+02	2591	0	1
57	1	66	3	1	1	6	27	2	3	2	1	1	1	4.000000e-01	1.193700e+02	2001	0	2
57	1	67	3	1	2	28	44	4	3	4	1	1	1	5.800000e-01	1.199500e+02	1480	0	1
57	1	68	3	2	1	13	49	5	3	4	0	0	0	0	1.199500e+02	3999	NaN	NaN
57	1	69	3	2	2	23	24	3	4	3	1	1	2	9.700000e-01	1.209200e+02	4059	1	NaN
57	1	70	3	1	1	46	13	3	4	3	1	1	1	5.300000e-01	1.214500e+02	2529	0	1
57	1	71	3	2	1	36	1	5	4	5	1	1	2	6.200000e-01	1.220700e+02	4960	1	1
57	1	72	3	2	2	30	39	2	5	2	1	1	2	1.070000e+00	1.231400e+02	1102	1	1
57	1	73	3	2	3	43	44	2	3	2	1	1	2	3.700000e-01	1.235100e+02	3702	1	1
57	1	74	3	2	4	1	2	4	2	2	2	1	1	4.800000e-01	1.239900e+02	2035	0	2
57	1	75	3	1	1	27	47	4	3	4	1	1	1	3.500000e-01	1.243400e+02	5248	0	2
57	1	76	3	1	2	21	51	3	2	3	1	1	1	3.000000e-01	1.246400e+02	3504	0	1
57	1	77	3	1	3	29	9	2	5	2	1	1	1	4.200000e-01	1.250600e+02	1175	0	1
57	1	78	3	1	4	16	54	4	2	4	1	1	1	5.300000e-01	1.255900e+02	2254	0	1
57	1	79	3	1	5	13	45	5	2	5	1	1	1	4.400000e-01	1.260300e+02	1052	0	1
57	1	80	3	2	1	15	32	5	3	5	1	1	2	1.010000e+00	1.270400e+02	2080	1	1
57	1	81	3	1	1	54	12	3	5	4	0	0	0	0	1.270400e+02	1676	NaN	NaN
57	1	82	3	1	2	45	50	4	2	2	2	1	2	1.600000e-01	1.272000e+02	3030	1	NaN
57	1	83	3	1	3	20	35	3	4	3	1	1	1	5.000000e-01	1.277000e+02	4206	0	2
57	1	84	3	1	4	33	46	4	5	4	1	1	1	5.000000e-01	1.282000e+02	2328	0	1
57	1	1	4	1	1	42	45	2	5	2	1	1	1	4.700000e-01	1.286700e+02	3294	0	NaN
57	1	2	4	1	2	6	34	3	2	3	1	1	1	5.500000e-01	1.292200e+02	2797	0	1
57	1	3	4	2	1	10	52	3	5	3	1	1	2	3.800000e-01	1.296000e+02	5629	1	1
57	1	4	4	2	2	42	15	4	3	4	1	1	2	2.000000e-02	1.296200e+02	7926	1	1
57	1	5	4	2	3	2	7	4	2	4	1	1	2	6.100000e-01	1.302300e+02	1895	1	1
57	1	6	4	1	1	54	2	3	5	3	1	1	1	3.500000e-01	1.305800e+02	1938	0	1
57	1	7	4	1	2	8	41	3	2	3	1	1	1	4.600000e-01	1.310400e+02	3428	0	1
57	1	8	4	1	3	19	31	3	2	4	0	0	0	0	1.310400e+02	319	NaN	NaN
57	1	9	4	1	4	18	29	5	3	2	0	0	0	0	1.310400e+02	1672	NaN	NaN
57	1	10	4	1	5	27	35	4	3	4	1	1	1	3.900000e-01	1.314300e+02	3992	0	NaN
57	1	11	4	1	6	39	23	4	5	4	1	1	1	3.600000e-01	1.317900e+02	3958	0	1
57	1	12	4	2	1	38	53	3	2	2	2	1	1	3.800000e-01	1.321700e+02	5527	0	2
57	1	13	4	1	1	9	48	2	3	2	1	1	1	4.500000e-01	1.326200e+02	1647	0	2
57	1	14	4	2	1	45	16	3	4	3	1	1	2	5.800000e-01	1.332000e+02	2047	1	1
57	1	15	4	2	2	31	22	3	5	3	1	1	2	4.500000e-01	1.336500e+02	2051	1	1
57	1	16	4	1	1	8	27	4	3	4	1	1	1	6.300000e-01	1.342800e+02	3801	0	1
57	1	17	4	1	2	41	20	5	4	5	1	1	1	4.700000e-01	1.347500e+02	4895	0	1
57	1	18	4	1	3	16	51	5	4	5	1	1	1	3.200000e-01	1.350700e+02	10996	0	1
57	1	19	4	2	1	37	28	3	4	3	1	1	2	5.000000e-01	1.355700e+02	6237	1	1
57	1	20	4	2	2	4	19	5	2	5	1	1	2	5.300000e-01	1.361000e+02	2105	1	1
57	1	21	4	2	3	14	28	4	5	4	1	1	2	6.500000e-01	1.367500e+02	2696	1	1
57	1	22	4	2	4	3	18	3	4	3	1	1	2	7.400000e-01	1.374900e+02	4213	1	1
57	1	23	4	2	5	24	26	5	2	5	1	1	2	1.100000e+00	1.385900e+02	2004	1	1
57	1	24	4	1	1	50	38	3	4	3	1	1	1	4.400000e-01	1.390300e+02	5830	0	1
57	1	25	4	1	2	46	28	4	3	4	1	1	1	5.300000e-01	1.395600e+02	4499	0	1
57	1	26	4	1	3	43	30	3	5	3	1	1	1	5.000000e-01	1.400600e+02	6574	0	1
57	1	27	4	1	4	34	28	2	3	2	1	1	1	4.300000e-01	1.404900e+02	4202	0	1
57	1	28	4	1	5	52	2	5	3	5	1	1	1	7.500000e-01	1.412400e+02	5960	0	1
57	1	29	4	2	1	21	2	3	4	3	1	1	2	3.800000e-01	1.416200e+02	1991	1	1
57	1	30	4	2	2	50	5	3	5	3	1	1	2	1.330000e+00	1.429500e+02	2216	1	1
57	1	31	4	2	3	45	38	4	3	3	2	1	1	5.400000e-01	1.434900e+02	4527	0	2
57	1	32	4	2	4	44	36	5	4	4	2	1	1	3.700000e-01	1.438600e+02	2421	0	1
57	1	33	4	2	5	15	36	2	5	5	2	1	1	5.700000e-01	1.444300e+02	3093	0	1
57	1	34	4	2	6	40	12	3	5	5	2	1	1	6.500000e-01	1.450800e+02	895	0	1
57	1	35	4	1	1	49	8	4	2	2	2	1	2	8.000000e-02	1.451600e+02	2126	1	1
57	1	36	4	1	2	10	28	5	2	2	2	1	2	5.600000e-01	1.457200e+02	1729	1	1
57	1	37	4	1	3	21	39	4	3	3	2	1	2	4.300000e-01	1.461500e+02	2998	1	1
57	1	38	4	1	4	48	51	5	3	3	2	1	2	1.060000e+00	1.472100e+02	3998	1	1
57	1	39	4	2	1	24	27	2	4	4	2	1	1	5.000000e-01	1.477100e+02	4729	0	1
57	1	40	4	2	2	3	44	2	5	2	1	1	2	7.500000e-01	1.484600e+02	5645	1	2
57	1	41	4	2	3	28	40	5	2	2	2	1	1	4.200000e-01	1.488800e+02	3641	0	2
57	1	42	4	2	4	11	40	5	3	3	2	1	1	4.200000e-01	1.493000e+02	3902	0	1
57	1	43	4	1	1	22	21	2	4	4	2	1	2	6.500000e-01	1.499500e+02	2606	1	1
57	1	44	4	1	2	11	32	5	2	5	1	1	1	5.100000e-01	1.504600e+02	1968	0	2
57	1	45	4	1	3	43	34	4	5	4	1	1	1	7.200000e-01	1.511800e+02	5883	0	1
57	1	46	4	1	4	9	23	5	4	5	1	1	1	4.700000e-01	1.516500e+02	1575	0	1
57	1	47	4	2	1	20	5	4	5	5	2	1	1	7.600000e-01	1.524100e+02	4407	0	2
57	1	48	4	2	2	25	9	4	2	2	2	1	1	6.800000e-01	1.530900e+02	1060	0	1
57	1	49	4	2	3	24	6	2	5	2	1	1	2	2.300000e-01	1.533200e+02	3349	1	2
57	1	50	4	2	4	53	26	2	4	4	2	1	1	4.800000e-01	1.538000e+02	1624	0	2
57	1	51	4	1	1	54	14	2	4	4	2	1	2	5.000000e-01	1.543000e+02	1186	1	1
57	1	52	4	1	2	47	12	5	2	2	2	1	2	8.900000e-01	1.551900e+02	866	1	1
57	1	53	4	1	3	44	52	5	4	5	1	1	1	4.100000e-01	1.556000e+02	4585	0	2
57	1	54	4	1	4	33	50	5	3	5	1	1	1	4.100000e-01	1.560100e+02	1806	0	1
57	1	55	4	1	5	26	14	2	4	2	1	1	1	4.800000e-01	1.564900e+02	2429	0	1
57	1	56	4	2	1	39	21	2	3	2	1	1	2	4.900000e-01	1.569800e+02	2959	1	1
57	1	57	4	2	2	51	32	2	4	2	1	1	2	6.300000e-01	1.576100e+02	3488	1	1
57	1	58	4	2	3	28	39	4	5	4	1	1	2	1	1.586100e+02	1000	1	1
57	1	59	4	2	4	52	6	5	4	5	1	1	2	7.900000e-01	1.594000e+02	1893	1	1
57	1	60	4	2	5	47	30	2	3	2	1	1	2	8.300000e-01	1.602300e+02	2623	1	1
57	1	61	4	1	1	47	15	4	2	4	1	1	1	6.000000e-01	1.608300e+02	3321	0	1
57	1	62	4	1	2	10	7	3	2	3	1	1	1	5.700000e-01	1.614000e+02	929	0	1
57	1	63	4	2	1	24	21	3	5	3	1	1	2	1.120000e+00	1.625200e+02	1405	1	1
57	1	64	4	2	2	14	20	2	5	2	1	1	2	6.500000e-01	1.631700e+02	739	1	1
57	1	65	4	2	3	18	37	2	5	2	1	1	2	1.800000e-01	1.633500e+02	1533	1	1
57	1	66	4	2	4	30	5	4	5	4	1	1	2	4.300000e-01	1.637800e+02	1584	1	1
57	1	67	4	2	5	41	42	2	3	2	1	1	2	7.200000e-01	1.645000e+02	2686	1	1
57	1	68	4	2	6	10	12	2	3	2	1	1	2	5.600000e-01	1.650600e+02	1271	1	1
57	1	69	4	1	1	48	27	5	3	5	1	1	1	4.300000e-01	1.654900e+02	3014	0	1
57	1	70	4	2	1	49	7	4	2	4	1	1	2	1.900000e-01	1.656800e+02	1455	1	1
57	1	71	4	2	2	14	52	5	3	5	1	1	2	4.800000e-01	1.661600e+02	2626	1	1
57	1	72	4	2	3	11	5	2	5	2	1	1	2	6.800000e-01	1.668400e+02	1502	1	1
57	1	73	4	1	1	17	53	3	2	3	1	1	1	4.600000e-01	1.673000e+02	3995	0	1
57	1	74	4	1	2	15	53	4	2	4	1	1	1	4.400000e-01	1.677400e+02	4887	0	1
57	1	75	4	1	3	6	42	2	3	2	1	1	1	5.000000e-01	1.682400e+02	2054	0	1
57	1	76	4	2	1	44	45	4	5	4	1	1	2	4.200000e-01	1.686600e+02	2307	1	1
57	1	77	4	1	1	16	7	3	2	4	0	0	0	0	1.686600e+02	4222	NaN	NaN
57	1	78	4	1	2	32	52	4	3	4	1	1	1	3.900000e-01	1.690500e+02	4991	0	NaN
57	1	79	4	1	3	14	46	2	4	2	1	1	1	6.500000e-01	1.697000e+02	3054	0	1
57	1	80	4	1	4	21	35	3	4	3	1	1	1	5.500000e-01	1.702500e+02	2792	0	1
57	1	81	4	1	5	53	38	4	2	4	1	1	1	6.500000e-01	1.709000e+02	2004	0	1
57	1	82	4	1	6	50	20	5	2	5	1	1	1	4.400000e-01	1.713400e+02	1532	0	1
57	1	83	4	2	1	22	25	3	4	3	1	1	2	8.800000e-01	1.722200e+02	3686	1	1
57	1	84	4	2	2	37	49	5	4	5	1	1	2	5.200000e-01	1.727400e+02	1748	1	1
