LEDIS1	Code = 52	
SubNo	Group(1=OptHighReward;2=OptLowReward)	Block_trial	Block	VarDist_cond	Run_number	Targ1_position	Targ2_position	Red_targ_digit	Blue_targ_digit	Response	Targ_Choice	Acc	OutcomeCond(0=inaccurate;1=lowReward;2=highReward)	OutcomeValue	Points	RT	Optimal_Choice	Repeat_Switch
52	2	1	0	2	1	27	33	2	5	2	1	1	NaN	0	0	4758	1	NaN
52	2	2	0	2	2	26	10	5	3	5	1	1	NaN	0	0	5947	1	1
52	2	3	0	2	3	4	10	4	2	4	1	1	NaN	0	0	5233	1	1
52	2	4	0	2	4	30	29	3	4	3	1	1	NaN	0	0	4118	1	1
52	2	5	0	2	5	19	37	4	3	3	2	1	NaN	0	0	4488	0	2
52	2	6	0	1	1	33	44	5	2	5	1	1	NaN	0	0	1373	0	2
52	2	7	0	1	2	54	12	3	4	3	1	1	NaN	0	0	2477	0	1
52	2	8	0	1	3	20	39	3	4	3	1	1	NaN	0	0	2071	0	1
52	2	9	0	1	4	2	18	3	2	3	1	1	NaN	0	0	3117	0	1
52	2	10	0	2	1	51	25	3	2	3	1	1	NaN	0	0	3028	1	1
52	2	1	1	2	1	15	7	2	4	2	1	1	1	4.500000e-01	4.500000e-01	1866	1	NaN
52	2	2	1	2	2	26	19	4	2	2	2	1	2	5.600000e-01	1.010000e+00	2864	0	2
52	2	3	1	2	3	11	38	3	5	5	2	1	2	6.400000e-01	1.650000e+00	10856	0	1
52	2	4	1	2	4	53	28	4	5	4	1	1	1	3.600000e-01	2.010000e+00	3280	1	2
52	2	5	1	2	5	4	3	4	3	3	2	1	2	1.060000e+00	3.070000e+00	4543	0	2
52	2	6	1	1	1	13	20	3	2	3	1	1	2	1.060000e+00	4.130000e+00	1970	0	2
52	2	7	1	1	2	29	28	5	2	5	1	1	2	4.800000e-01	4.610000e+00	2220	0	1
52	2	8	1	1	3	14	16	3	5	3	1	1	2	6.500000e-01	5.260000e+00	9082	0	1
52	2	9	1	1	4	19	17	2	3	2	1	1	2	5.800000e-01	5.840000e+00	5532	0	1
52	2	10	1	2	1	14	11	2	5	2	1	1	1	4.800000e-01	6.320000e+00	1092	1	1
52	2	11	1	2	2	15	13	4	5	4	1	1	1	5.900000e-01	6.910000e+00	3051	1	1
52	2	12	1	2	3	51	28	3	2	2	2	1	2	2.200000e-01	7.130000e+00	3906	0	2
52	2	13	1	2	4	10	42	5	3	5	1	1	1	7.600000e-01	7.890000e+00	3484	1	2
52	2	14	1	1	1	52	23	5	2	5	1	1	2	4.400000e-01	8.330000e+00	2700	0	1
52	2	15	1	1	2	19	30	4	5	4	1	1	2	5.500000e-01	8.880000e+00	8755	0	1
52	2	16	1	1	3	28	44	3	4	3	1	1	2	1	9.880000e+00	2780	0	1
52	2	17	1	1	4	46	44	2	4	2	1	1	2	5.300000e-01	1.041000e+01	5178	0	1
52	2	18	1	1	5	23	35	5	4	5	1	1	2	4.500000e-01	1.086000e+01	1132	0	1
52	2	19	1	2	1	53	10	2	3	3	2	1	2	1.100000e-01	1.097000e+01	2012	0	2
52	2	20	1	2	2	6	38	2	3	2	1	1	1	5.300000e-01	1.150000e+01	6468	1	2
52	2	21	1	2	3	37	7	3	5	5	2	1	2	8.400000e-01	1.234000e+01	1629	0	2
52	2	22	1	2	4	21	11	2	5	5	2	1	2	1.270000e+00	1.361000e+01	1981	0	1
52	2	23	1	2	5	25	31	2	3	2	1	1	1	4.200000e-01	1.403000e+01	1059	1	2
52	2	24	1	2	6	48	33	2	3	3	2	1	2	9.000000e-01	1.493000e+01	1436	0	2
52	2	25	1	1	1	42	49	3	2	3	1	1	2	1.090000e+00	1.602000e+01	13452	0	2
52	2	26	1	1	2	17	44	4	2	2	2	1	1	3.100000e-01	1.633000e+01	1851	1	2
52	2	27	1	1	3	27	35	2	3	2	1	1	2	7.700000e-01	1.710000e+01	5284	0	2
52	2	28	1	1	4	40	4	2	4	2	1	1	2	3.100000e-01	1.741000e+01	6173	0	1
52	2	29	1	1	5	42	10	4	5	4	1	1	2	8.300000e-01	1.824000e+01	6285	0	1
52	2	30	1	1	6	16	6	3	2	3	1	1	2	8.800000e-01	1.912000e+01	3043	0	1
52	2	31	1	2	1	27	6	5	4	4	2	1	2	8.400000e-01	1.996000e+01	5518	0	2
52	2	32	1	1	1	49	52	5	4	4	2	1	1	6.500000e-01	2.061000e+01	6230	1	1
52	2	33	1	1	2	40	21	5	2	2	2	1	1	5.800000e-01	2.119000e+01	2788	1	1
52	2	34	1	2	1	21	49	3	2	3	1	1	1	6.400000e-01	2.183000e+01	5268	1	2
52	2	35	1	2	2	35	53	4	2	2	2	1	2	4.900000e-01	2.232000e+01	2220	0	2
52	2	36	1	1	1	9	8	4	2	2	2	1	1	4.800000e-01	2.280000e+01	4115	1	1
52	2	37	1	2	1	43	18	2	5	5	2	1	2	6.200000e-01	2.342000e+01	3339	0	1
52	2	38	1	2	2	12	35	5	3	5	1	1	1	3.800000e-01	2.380000e+01	2787	1	2
52	2	39	1	2	3	26	37	4	3	3	2	1	2	1.170000e+00	2.497000e+01	6219	0	2
52	2	40	1	1	1	41	13	4	2	4	1	1	2	1.200000e-01	2.509000e+01	6317	0	2
52	2	41	1	1	2	21	8	5	4	4	2	1	1	5.600000e-01	2.565000e+01	7860	1	2
52	2	42	1	1	3	37	29	5	3	3	2	1	1	5.300000e-01	2.618000e+01	3474	1	1
52	2	43	1	2	1	28	35	4	5	5	2	1	2	7.000000e-02	2.625000e+01	1580	0	1
52	2	44	1	2	2	29	40	2	5	2	1	1	1	2.400000e-01	2.649000e+01	4180	1	2
52	2	45	1	2	3	22	44	5	2	2	2	1	2	4.700000e-01	2.696000e+01	4173	0	2
52	2	46	1	2	4	49	7	3	2	2	2	1	2	2.000000e-02	2.698000e+01	1348	0	1
52	2	47	1	1	1	51	48	2	5	2	1	1	2	7.900000e-01	2.777000e+01	3508	0	2
52	2	48	1	1	2	38	40	3	4	3	1	1	2	7.400000e-01	2.851000e+01	3790	0	1
52	2	49	1	1	3	23	21	2	4	4	2	1	1	7.000000e-01	2.921000e+01	6644	1	2
52	2	50	1	1	4	4	35	5	2	5	1	1	2	7.800000e-01	2.999000e+01	7452	0	2
52	2	51	1	2	1	8	7	3	2	2	2	1	2	2.000000e-01	3.019000e+01	4756	0	2
52	2	52	1	2	2	44	6	3	4	3	1	1	1	5.400000e-01	3.073000e+01	6443	1	2
52	2	53	1	2	3	9	45	5	3	3	2	1	2	2.000000e-02	3.075000e+01	2076	0	2
52	2	54	1	2	4	44	31	5	3	3	2	1	2	4.900000e-01	3.124000e+01	7731	0	1
52	2	55	1	2	5	20	7	4	3	4	1	1	1	4.900000e-01	3.173000e+01	6651	1	2
52	2	56	1	2	6	51	32	3	5	5	2	1	2	5.000000e-01	3.223000e+01	4676	0	2
52	2	57	1	1	1	11	22	5	4	5	1	1	2	3.500000e-01	3.258000e+01	2287	0	2
52	2	58	1	1	2	40	32	5	2	5	1	1	2	1.020000e+00	3.360000e+01	4779	0	1
52	2	59	1	1	3	47	42	5	3	5	1	1	2	7.000000e-01	3.430000e+01	6156	0	1
52	2	60	1	1	4	16	24	3	5	3	1	1	2	9.200000e-01	3.522000e+01	5021	0	1
52	2	61	1	1	5	19	43	3	4	5	0	0	0	0	3.522000e+01	4924	NaN	NaN
52	2	62	1	1	6	25	36	3	4	4	2	1	1	5.900000e-01	3.581000e+01	3200	1	NaN
52	2	63	1	2	1	35	13	4	5	5	2	1	2	7.700000e-01	3.658000e+01	1620	0	1
52	2	64	1	2	2	46	51	2	5	5	2	1	2	5.200000e-01	3.710000e+01	2988	0	1
52	2	65	1	1	1	36	26	5	4	5	1	1	2	8.200000e-01	3.792000e+01	7436	0	2
52	2	66	1	1	2	42	8	5	4	5	1	1	2	7.700000e-01	3.869000e+01	4097	0	1
52	2	67	1	2	1	54	10	4	3	3	2	1	2	3.800000e-01	3.907000e+01	2865	0	2
52	2	68	1	2	2	10	43	5	2	2	2	1	2	3.200000e-01	3.939000e+01	6920	0	1
52	2	69	1	2	3	27	1	2	4	2	1	1	1	4.700000e-01	3.986000e+01	861	1	2
52	2	70	1	2	4	43	35	2	5	2	1	1	1	3.300000e-01	4.019000e+01	5099	1	1
52	2	71	1	2	5	11	25	3	4	4	2	1	2	3.900000e-01	4.058000e+01	3683	0	2
52	2	72	1	1	1	50	26	3	5	3	1	1	2	5.600000e-01	4.114000e+01	2932	0	2
52	2	73	1	1	2	22	49	4	2	4	1	1	2	6.500000e-01	4.179000e+01	1547	0	1
52	2	74	1	1	3	31	10	4	3	4	1	1	2	1.180000e+00	4.297000e+01	4107	0	1
52	2	75	1	2	1	34	27	3	4	4	2	1	2	3.300000e-01	4.330000e+01	1387	0	2
52	2	76	1	1	1	44	40	3	5	4	0	0	0	0	4.330000e+01	2949	NaN	NaN
52	2	77	1	1	2	42	32	4	3	4	1	1	2	7.900000e-01	4.409000e+01	4031	0	NaN
52	2	78	1	1	3	21	15	4	3	4	1	1	2	8.800000e-01	4.497000e+01	2285	0	1
52	2	79	1	1	4	48	45	5	3	5	1	1	2	9.400000e-01	4.591000e+01	1237	0	1
52	2	80	1	1	5	18	45	2	4	2	1	1	2	3.000000e-02	4.594000e+01	3995	0	1
52	2	81	1	2	1	13	46	2	3	3	2	1	2	6.000000e-01	4.654000e+01	5908	0	2
52	2	82	1	2	2	13	26	4	2	2	2	1	2	6.100000e-01	4.715000e+01	3356	0	1
52	2	83	1	2	3	33	42	2	4	2	1	1	1	3.800000e-01	4.753000e+01	3119	1	2
52	2	84	1	1	1	19	8	4	5	4	1	1	2	1.500000e-01	4.768000e+01	1701	0	1
52	2	1	2	1	1	42	3	5	3	5	1	1	2	1.010000e+00	4.869000e+01	4424	0	NaN
52	2	2	2	2	1	51	3	2	5	2	1	1	1	4.800000e-01	4.917000e+01	964	1	1
52	2	3	2	2	2	49	43	4	3	3	2	1	2	6.800000e-01	4.985000e+01	2268	0	2
52	2	4	2	1	1	30	38	4	5	4	1	1	2	5.400000e-01	5.039000e+01	4595	0	2
52	2	5	2	1	2	42	5	2	4	2	1	1	2	2.000000e-01	5.059000e+01	4245	0	1
52	2	6	2	1	3	28	6	3	5	5	2	1	1	4.300000e-01	5.102000e+01	1515	1	2
52	2	7	2	2	1	37	32	3	5	3	1	1	1	5.500000e-01	5.157000e+01	1268	1	2
52	2	8	2	1	1	13	3	4	3	4	1	1	2	5.000000e-02	5.162000e+01	5595	0	1
52	2	9	2	1	2	47	17	2	3	2	1	1	2	8.700000e-01	5.249000e+01	2892	0	1
52	2	10	2	1	3	43	12	5	4	4	2	1	1	5.700000e-01	5.306000e+01	3277	1	2
52	2	11	2	1	4	44	21	2	3	3	2	1	1	4.000000e-01	5.346000e+01	2723	1	1
52	2	12	2	2	1	54	33	3	2	3	1	1	1	4.700000e-01	5.393000e+01	2627	1	2
52	2	13	2	2	2	8	33	5	4	5	1	1	1	3.600000e-01	5.429000e+01	2108	1	1
52	2	14	2	2	3	39	22	5	2	5	1	1	1	2.400000e-01	5.453000e+01	2707	1	1
52	2	15	2	2	4	5	14	2	3	3	2	1	2	9.600000e-01	5.549000e+01	2540	0	2
52	2	16	2	1	1	4	29	5	3	5	1	1	2	2.600000e-01	5.575000e+01	1772	0	2
52	2	17	2	1	2	15	47	4	3	3	2	1	1	5.400000e-01	5.629000e+01	2917	1	2
52	2	18	2	2	1	48	14	2	5	2	1	1	1	5.300000e-01	5.682000e+01	2240	1	2
52	2	19	2	2	2	28	26	5	4	5	1	1	1	5.000000e-01	5.732000e+01	2563	1	1
52	2	20	2	2	3	35	19	3	2	3	1	1	1	3.800000e-01	5.770000e+01	2451	1	1
52	2	21	2	2	4	28	34	2	4	4	2	1	2	5.000000e-02	5.775000e+01	2099	0	2
52	2	22	2	2	5	10	52	4	2	4	1	1	1	4.600000e-01	5.821000e+01	1483	1	2
52	2	23	2	2	6	8	30	3	4	4	2	1	2	0	5.821000e+01	4531	0	2
52	2	24	2	1	1	48	30	4	2	2	2	1	1	6.700000e-01	5.888000e+01	1155	1	1
52	2	25	2	1	2	36	39	2	5	2	1	1	2	5.300000e-01	5.941000e+01	3722	0	2
52	2	26	2	1	3	18	22	3	5	4	0	0	0	0	5.941000e+01	1885	NaN	NaN
52	2	27	2	1	4	22	35	2	4	2	1	1	2	4.800000e-01	5.989000e+01	4522	0	NaN
52	2	28	2	1	5	22	13	5	2	2	2	1	1	3.700000e-01	6.026000e+01	1076	1	2
52	2	29	2	1	6	39	51	3	4	4	2	1	1	3.400000e-01	6.060000e+01	3371	1	1
52	2	30	2	2	1	46	4	4	3	4	1	1	1	4.700000e-01	6.107000e+01	1306	1	2
52	2	31	2	2	2	32	42	5	4	4	2	1	2	9.500000e-01	6.202000e+01	3051	0	2
52	2	32	2	2	3	39	14	3	2	3	1	1	1	5.200000e-01	6.254000e+01	3500	1	2
52	2	33	2	1	1	52	49	5	3	5	1	1	2	8.100000e-01	6.335000e+01	3519	0	1
52	2	34	2	1	2	12	17	3	4	4	2	1	1	3.600000e-01	6.371000e+01	2461	1	2
52	2	35	2	1	3	15	10	4	5	4	1	1	2	2.800000e-01	6.399000e+01	979	0	2
52	2	36	2	1	4	31	26	2	4	2	1	1	2	3.800000e-01	6.437000e+01	1196	0	1
52	2	37	2	1	5	50	21	5	3	3	2	1	1	3.600000e-01	6.473000e+01	3358	1	2
52	2	38	2	2	1	13	50	2	5	5	2	1	2	9.400000e-01	6.567000e+01	6122	0	1
52	2	39	2	2	2	24	39	3	2	3	1	1	1	5.000000e-01	6.617000e+01	2563	1	2
52	2	40	2	2	3	40	19	3	4	3	1	1	1	4.200000e-01	6.659000e+01	3070	1	1
52	2	41	2	2	4	52	11	2	3	2	1	1	1	5.900000e-01	6.718000e+01	2011	1	1
52	2	42	2	2	5	34	28	4	5	5	2	1	2	6.100000e-01	6.779000e+01	4427	0	2
52	2	43	2	1	1	51	46	3	5	3	1	1	2	3.000000e-02	6.782000e+01	1580	0	2
52	2	44	2	1	2	11	7	5	2	3	0	0	0	0	6.782000e+01	796	NaN	NaN
52	2	45	2	1	3	10	27	5	4	4	2	1	1	6.600000e-01	6.848000e+01	6541	1	NaN
52	2	46	2	1	4	11	34	2	3	2	1	1	2	6.400000e-01	6.912000e+01	2748	0	2
52	2	47	2	1	5	26	29	4	5	5	2	1	1	6.700000e-01	6.979000e+01	2589	1	2
52	2	48	2	1	6	9	10	5	4	5	1	1	2	1.040000e+00	7.083000e+01	1643	0	2
52	2	49	2	2	1	44	43	4	2	4	1	1	1	4.200000e-01	7.125000e+01	2636	1	1
52	2	50	2	2	2	11	50	3	2	3	1	1	1	3.500000e-01	7.160000e+01	2030	1	1
52	2	51	2	2	3	34	10	4	2	4	1	1	1	4.900000e-01	7.209000e+01	2884	1	1
52	2	52	2	2	4	10	9	2	4	2	1	1	1	4.600000e-01	7.255000e+01	1404	1	1
52	2	53	2	2	5	46	23	2	3	2	1	1	1	4.000000e-01	7.295000e+01	3540	1	1
52	2	54	2	1	1	53	54	4	3	3	2	1	1	5.600000e-01	7.351000e+01	4231	1	2
52	2	55	2	1	2	8	19	2	4	4	2	1	1	6.800000e-01	7.419000e+01	9095	1	1
52	2	56	2	1	3	18	40	4	5	4	1	1	2	2.400000e-01	7.443000e+01	2717	0	2
52	2	57	2	1	4	51	11	3	5	5	2	1	1	4.000000e-01	7.483000e+01	3827	1	2
52	2	58	2	1	5	26	28	5	3	5	1	1	2	3.800000e-01	7.521000e+01	979	0	2
52	2	59	2	2	1	43	33	4	5	4	1	1	1	5.800000e-01	7.579000e+01	2123	1	1
52	2	60	2	2	2	30	50	2	3	2	1	1	1	4.000000e-01	7.619000e+01	1364	1	1
52	2	61	2	2	3	45	10	2	5	2	1	1	1	3.600000e-01	7.655000e+01	2117	1	1
52	2	62	2	2	4	19	26	4	3	4	1	1	1	4.900000e-01	7.704000e+01	1421	1	1
52	2	63	2	2	5	46	5	3	4	3	1	1	1	4.900000e-01	7.753000e+01	3891	1	1
52	2	64	2	2	6	54	13	5	2	2	2	1	2	7.300000e-01	7.826000e+01	1334	0	2
52	2	65	2	1	1	24	40	3	4	4	2	1	1	4.300000e-01	7.869000e+01	2428	1	1
52	2	66	2	1	2	1	18	5	4	4	2	1	1	4.800000e-01	7.917000e+01	3300	1	1
52	2	67	2	1	3	19	44	4	2	2	2	1	1	4.500000e-01	7.962000e+01	2467	1	1
52	2	68	2	2	1	51	47	5	2	2	2	1	2	4.600000e-01	8.008000e+01	1419	0	1
52	2	69	2	2	2	15	17	4	3	4	1	1	1	6.800000e-01	8.076000e+01	1436	1	2
52	2	70	2	2	3	42	49	4	5	4	1	1	1	4.300000e-01	8.119000e+01	1236	1	1
52	2	71	2	2	4	41	18	3	2	3	1	1	1	3.400000e-01	8.153000e+01	2084	1	1
52	2	72	2	1	1	50	20	4	2	4	1	1	2	7.200000e-01	8.225000e+01	2772	0	1
52	2	73	2	2	1	38	29	5	2	5	1	1	1	3.900000e-01	8.264000e+01	2402	1	1
52	2	74	2	1	1	23	34	4	2	4	1	1	2	5.200000e-01	8.316000e+01	3767	0	1
52	2	75	2	1	2	3	54	3	5	5	2	1	1	4.300000e-01	8.359000e+01	2628	1	2
52	2	76	2	2	1	5	41	2	5	2	1	1	1	5.600000e-01	8.415000e+01	2068	1	2
52	2	77	2	2	2	46	18	2	4	2	1	1	1	5.700000e-01	8.472000e+01	3027	1	1
52	2	78	2	2	3	34	45	5	2	5	1	1	1	4.800000e-01	8.520000e+01	2821	1	1
52	2	79	2	1	1	26	44	5	3	3	2	1	1	2.600000e-01	8.546000e+01	2277	1	2
52	2	80	2	1	2	21	52	5	3	3	2	1	1	5.200000e-01	8.598000e+01	2820	1	1
52	2	81	2	1	3	42	32	2	5	5	2	1	1	6.900000e-01	8.667000e+01	1908	1	1
52	2	82	2	1	4	12	40	3	5	5	2	1	1	6.200000e-01	8.729000e+01	7052	1	1
52	2	83	2	2	1	8	34	3	2	3	1	1	1	3.100000e-01	8.760000e+01	1530	1	2
52	2	84	2	2	2	17	12	3	4	3	1	1	1	4.900000e-01	8.809000e+01	2395	1	1
52	2	1	3	2	1	52	30	3	5	3	1	1	1	4.200000e-01	8.851000e+01	2009	1	NaN
52	2	2	3	2	2	40	8	2	3	2	1	1	1	3.800000e-01	8.889000e+01	2435	1	1
52	2	3	3	1	1	45	42	3	2	2	2	1	1	3.500000e-01	8.924000e+01	3403	1	2
52	2	4	3	1	2	20	54	2	5	2	1	1	2	6.400000e-01	8.988000e+01	3162	0	2
52	2	5	3	2	1	48	9	3	2	3	1	1	1	4.500000e-01	9.033000e+01	1148	1	1
52	2	6	3	2	2	30	46	3	4	3	1	1	1	5.100000e-01	9.084000e+01	2328	1	1
52	2	7	3	2	3	42	39	4	2	4	1	1	1	4.600000e-01	9.130000e+01	2701	1	1
52	2	8	3	2	4	9	16	5	3	5	1	1	1	4.500000e-01	9.175000e+01	1043	1	1
52	2	9	3	2	5	39	19	4	2	4	1	1	1	5.400000e-01	9.229000e+01	2781	1	1
52	2	10	3	2	6	50	40	4	2	4	1	1	1	5.900000e-01	9.288000e+01	2467	1	1
52	2	11	3	1	1	42	35	4	2	4	1	1	2	1.500000e+00	9.438000e+01	2053	0	1
52	2	12	3	1	2	41	54	2	4	4	2	1	1	3.400000e-01	9.472000e+01	2259	1	2
52	2	13	3	1	3	9	11	4	5	4	1	1	2	2.000000e-02	9.474000e+01	972	0	2
52	2	14	3	1	4	52	28	2	3	3	2	1	1	6.200000e-01	9.536000e+01	1260	1	2
52	2	15	3	1	5	48	33	3	5	5	2	1	1	4.500000e-01	9.581000e+01	2603	1	1
52	2	16	3	2	1	50	43	4	3	4	1	1	1	3.400000e-01	9.615000e+01	1323	1	2
52	2	17	3	2	2	39	52	3	5	3	1	1	1	5.400000e-01	9.669000e+01	2274	1	1
52	2	18	3	2	3	42	36	5	2	5	1	1	1	6.800000e-01	9.737000e+01	6772	1	1
52	2	19	3	1	1	51	10	5	3	3	2	1	1	5.800000e-01	9.795000e+01	3549	1	2
52	2	20	3	2	1	33	43	2	4	2	1	1	1	7.300000e-01	9.868000e+01	3421	1	2
52	2	21	3	2	2	53	10	5	4	5	1	1	1	5.600000e-01	9.924000e+01	1163	1	1
52	2	22	3	2	3	1	47	3	4	3	1	1	1	7.200000e-01	9.996000e+01	3237	1	1
52	2	23	3	2	4	6	30	4	3	4	1	1	1	4.600000e-01	1.004200e+02	2158	1	1
52	2	24	3	2	5	45	3	3	5	3	1	1	1	3.700000e-01	1.007900e+02	1260	1	1
52	2	25	3	1	1	3	19	5	3	3	2	1	1	4.800000e-01	1.012700e+02	5688	1	2
52	2	26	3	1	2	20	46	3	2	2	2	1	1	6.400000e-01	1.019100e+02	3547	1	1
52	2	27	3	1	3	5	31	3	2	2	2	1	1	3.700000e-01	1.022800e+02	1876	1	1
52	2	28	3	1	4	18	23	3	4	4	2	1	1	5.700000e-01	1.028500e+02	1932	1	1
52	2	29	3	2	1	26	45	4	2	4	1	1	1	4.300000e-01	1.032800e+02	1452	1	2
52	2	30	3	2	2	48	7	3	4	3	1	1	1	5.600000e-01	1.038400e+02	3509	1	1
52	2	31	3	2	3	24	41	5	2	5	1	1	1	3.700000e-01	1.042100e+02	2578	1	1
52	2	32	3	2	4	24	46	5	3	5	1	1	1	5.100000e-01	1.047200e+02	1124	1	1
52	2	33	3	1	1	53	17	5	4	4	2	1	1	2.600000e-01	1.049800e+02	3211	1	2
52	2	34	3	1	2	26	46	2	5	5	2	1	1	4.400000e-01	1.054200e+02	1483	1	1
52	2	35	3	1	3	50	18	2	4	4	2	1	1	5.500000e-01	1.059700e+02	3315	1	1
52	2	36	3	1	4	17	14	4	3	3	2	1	1	4.600000e-01	1.064300e+02	3211	1	1
52	2	37	3	1	5	11	34	2	3	2	1	1	2	1.080000e+00	1.075100e+02	1854	0	2
52	2	38	3	1	6	39	48	5	4	4	2	1	1	4.300000e-01	1.079400e+02	2131	1	2
52	2	39	3	2	1	27	35	5	2	5	1	1	1	2.300000e-01	1.081700e+02	4148	1	2
52	2	40	3	1	1	49	17	5	2	5	1	1	2	1	1.091700e+02	1627	0	1
52	2	41	3	1	2	21	48	3	4	4	2	1	1	4.900000e-01	1.096600e+02	1355	1	2
52	2	42	3	1	3	54	12	5	4	4	2	1	1	5.400000e-01	1.102000e+02	1733	1	1
52	2	43	3	2	1	17	42	2	4	2	1	1	1	6.100000e-01	1.108100e+02	1151	1	2
52	2	44	3	1	1	22	24	4	5	5	2	1	1	2.500000e-01	1.110600e+02	3251	1	2
52	2	45	3	1	2	5	29	2	5	5	2	1	1	4.200000e-01	1.114800e+02	2884	1	1
52	2	46	3	1	3	47	19	3	5	4	0	0	0	0	1.114800e+02	1957	NaN	NaN
52	2	47	3	1	4	53	20	3	4	4	2	1	1	4.200000e-01	1.119000e+02	2627	1	NaN
52	2	48	3	1	5	19	25	4	3	4	1	1	2	2.000000e-02	1.119200e+02	4447	0	2
52	2	49	3	2	1	30	23	2	5	2	1	1	1	4.800000e-01	1.124000e+02	2863	1	1
52	2	50	3	2	2	23	6	3	5	3	1	1	1	6.800000e-01	1.130800e+02	1586	1	1
52	2	51	3	2	3	13	17	2	3	2	1	1	1	5.000000e-01	1.135800e+02	1144	1	1
52	2	52	3	2	4	42	15	5	4	5	1	1	1	6.400000e-01	1.142200e+02	2116	1	1
52	2	53	3	1	1	25	35	3	2	2	2	1	1	4.200000e-01	1.146400e+02	2335	1	2
52	2	54	3	1	2	22	24	3	5	5	2	1	1	5.000000e-01	1.151400e+02	2304	1	1
52	2	55	3	1	3	30	2	4	3	4	1	1	2	1.300000e-01	1.152700e+02	2109	0	2
52	2	56	3	1	4	12	27	2	5	5	2	1	1	5.700000e-01	1.158400e+02	3208	1	2
52	2	57	3	1	5	54	13	2	5	5	2	1	1	4.700000e-01	1.163100e+02	3317	1	1
52	2	58	3	1	6	36	19	5	3	3	2	1	1	5.600000e-01	1.168700e+02	2133	1	1
52	2	59	3	2	1	20	3	5	2	2	2	1	2	8.100000e-01	1.176800e+02	4101	0	1
52	2	60	3	2	2	20	49	4	3	4	1	1	1	4.900000e-01	1.181700e+02	2405	1	2
52	2	61	3	2	3	40	7	2	3	2	1	1	1	6.000000e-01	1.187700e+02	2196	1	1
52	2	62	3	2	4	29	32	2	4	2	1	1	1	7.700000e-01	1.195400e+02	1022	1	1
52	2	63	3	2	5	31	3	4	5	4	1	1	1	5.600000e-01	1.201000e+02	1709	1	1
52	2	64	3	1	1	45	26	2	4	4	2	1	1	5.000000e-01	1.206000e+02	6812	1	2
52	2	65	3	1	2	23	12	4	5	4	1	1	2	9.300000e-01	1.215300e+02	1107	0	2
52	2	66	3	1	3	4	47	2	4	2	1	1	2	5.300000e-01	1.220600e+02	1628	0	1
52	2	67	3	2	1	10	39	2	5	5	2	1	2	7.300000e-01	1.227900e+02	4366	0	2
52	2	68	3	2	2	27	50	5	3	3	2	1	2	5.000000e-01	1.232900e+02	4692	0	1
52	2	69	3	1	1	15	46	3	2	2	2	1	1	4.700000e-01	1.237600e+02	2981	1	1
52	2	70	3	2	1	50	42	2	3	2	1	1	1	6.500000e-01	1.244100e+02	1324	1	2
52	2	71	3	2	2	53	22	5	3	5	1	1	1	7.200000e-01	1.251300e+02	1458	1	1
52	2	72	3	2	3	7	22	4	5	4	1	1	1	4.400000e-01	1.255700e+02	1831	1	1
52	2	73	3	1	1	40	27	4	3	3	2	1	1	5.100000e-01	1.260800e+02	2312	1	2
52	2	74	3	1	2	43	22	2	3	3	2	1	1	4.000000e-01	1.264800e+02	2772	1	1
52	2	75	3	1	3	6	27	5	4	4	2	1	1	5.800000e-01	1.270600e+02	1517	1	1
52	2	76	3	1	4	29	18	4	5	5	2	1	1	2.200000e-01	1.272800e+02	6565	1	1
52	2	77	3	2	1	19	34	3	2	2	2	1	2	9.700000e-01	1.282500e+02	2199	0	1
52	2	78	3	2	2	10	43	4	5	4	1	1	1	5.300000e-01	1.287800e+02	2437	1	2
52	2	79	3	2	3	31	36	5	4	5	1	1	1	5.300000e-01	1.293100e+02	3868	1	1
52	2	80	3	2	4	14	38	3	4	3	1	1	1	6.400000e-01	1.299500e+02	1278	1	1
52	2	81	3	2	5	33	34	5	2	5	1	1	1	4.700000e-01	1.304200e+02	3226	1	1
52	2	82	3	2	6	3	31	4	2	4	1	1	1	4.800000e-01	1.309000e+02	1627	1	1
52	2	83	3	1	1	53	29	5	2	5	1	1	2	1.700000e-01	1.310700e+02	5380	0	1
52	2	84	3	1	2	21	35	4	2	2	2	1	1	5.300000e-01	1.316000e+02	3203	1	2
52	2	1	4	2	1	31	46	3	2	3	1	1	1	4.400000e-01	1.320400e+02	3186	1	NaN
52	2	2	4	2	2	48	40	2	5	2	1	1	1	3.400000e-01	1.323800e+02	762	1	1
52	2	3	4	2	3	32	52	2	3	2	1	1	1	6.300000e-01	1.330100e+02	2509	1	1
52	2	4	4	2	4	35	4	5	3	5	1	1	1	4.200000e-01	1.334300e+02	2474	1	1
52	2	5	4	2	5	26	44	2	4	2	1	1	1	5.000000e-01	1.339300e+02	1603	1	1
52	2	6	4	1	1	9	27	2	3	2	1	1	2	5.000000e-01	1.344300e+02	653	0	1
52	2	7	4	1	2	53	10	5	4	4	2	1	1	4.700000e-01	1.349000e+02	1436	1	2
52	2	8	4	1	3	5	40	5	2	5	1	1	2	6.900000e-01	1.355900e+02	1541	0	2
52	2	9	4	1	4	33	28	5	2	5	1	1	2	3.800000e-01	1.359700e+02	5588	0	1
52	2	10	4	2	1	27	40	2	5	2	1	1	1	3.000000e-01	1.362700e+02	964	1	1
52	2	11	4	2	2	17	36	2	3	2	1	1	1	3.800000e-01	1.366500e+02	4771	1	1
52	2	12	4	2	3	8	5	3	5	3	1	1	1	5.300000e-01	1.371800e+02	1037	1	1
52	2	13	4	2	4	49	16	3	5	3	1	1	1	3.500000e-01	1.375300e+02	3654	1	1
52	2	14	4	1	1	34	3	2	4	4	2	1	1	4.600000e-01	1.379900e+02	3505	1	2
52	2	15	4	1	2	40	31	4	5	4	1	1	2	6.000000e-02	1.380500e+02	2372	0	2
52	2	16	4	1	3	48	3	3	4	4	2	1	1	3.600000e-01	1.384100e+02	1575	1	2
52	2	17	4	1	4	22	1	3	5	5	2	1	1	3.800000e-01	1.387900e+02	4717	1	1
52	2	18	4	1	5	27	9	3	2	3	1	1	2	3.100000e-01	1.391000e+02	1580	0	2
52	2	19	4	2	1	24	7	2	3	3	2	1	2	5.800000e-01	1.396800e+02	812	0	2
52	2	20	4	2	2	37	54	3	2	3	1	1	1	4.900000e-01	1.401700e+02	1963	1	2
52	2	21	4	2	3	1	43	2	3	2	1	1	1	6.300000e-01	1.408000e+02	4644	1	1
52	2	22	4	2	4	39	2	2	4	2	1	1	1	4.700000e-01	1.412700e+02	2237	1	1
52	2	23	4	2	5	34	1	4	2	4	1	1	1	3.200000e-01	1.415900e+02	1652	1	1
52	2	24	4	2	6	8	17	4	3	4	1	1	1	5.000000e-01	1.420900e+02	4387	1	1
52	2	25	4	1	1	45	42	4	2	2	2	1	1	5.100000e-01	1.426000e+02	3668	1	2
52	2	26	4	1	2	32	12	4	3	4	1	1	2	6.500000e-01	1.432500e+02	3075	0	2
52	2	27	4	1	3	49	16	5	3	3	2	1	1	5.600000e-01	1.438100e+02	2051	1	2
52	2	28	4	1	4	5	36	4	5	5	2	1	1	6.500000e-01	1.444600e+02	2483	1	1
52	2	29	4	1	5	35	53	2	4	2	1	1	2	2.400000e-01	1.447000e+02	1859	0	2
52	2	30	4	1	6	25	16	5	2	2	2	1	1	5.300000e-01	1.452300e+02	2019	1	2
52	2	31	4	2	1	11	16	2	5	2	1	1	1	5.000000e-01	1.457300e+02	1222	1	2
52	2	32	4	1	1	37	34	5	3	5	1	1	2	2.300000e-01	1.459600e+02	3628	0	1
52	2	33	4	1	2	47	15	2	5	5	2	1	1	7.500000e-01	1.467100e+02	2564	1	2
52	2	34	4	2	1	12	42	4	2	4	1	1	1	4.700000e-01	1.471800e+02	2082	1	2
52	2	35	4	2	2	46	12	4	5	4	1	1	1	3.300000e-01	1.475100e+02	2852	1	1
52	2	36	4	1	1	24	4	5	4	4	2	1	1	7.100000e-01	1.482200e+02	2395	1	2
52	2	37	4	2	1	8	1	5	4	5	1	1	1	5.400000e-01	1.487600e+02	1250	1	2
52	2	38	4	2	2	41	25	3	4	3	1	1	1	3.700000e-01	1.491300e+02	4032	1	1
52	2	39	4	2	3	36	17	5	2	5	1	1	1	5.700000e-01	1.497000e+02	2612	1	1
52	2	40	4	1	1	42	48	4	5	5	2	1	1	6.500000e-01	1.503500e+02	2659	1	2
52	2	41	4	1	2	19	8	5	3	5	1	1	2	8.000000e-02	1.504300e+02	5148	0	2
52	2	42	4	1	3	17	54	3	2	2	2	1	1	5.200000e-01	1.509500e+02	2013	1	2
52	2	43	4	2	1	14	32	3	2	3	1	1	1	4.800000e-01	1.514300e+02	4652	1	2
52	2	44	4	2	2	1	35	2	4	2	1	1	1	3.600000e-01	1.517900e+02	1484	1	1
52	2	45	4	2	3	28	33	5	4	5	1	1	1	6.400000e-01	1.524300e+02	2126	1	1
52	2	46	4	2	4	51	46	5	2	5	1	1	1	5.000000e-01	1.529300e+02	5612	1	1
52	2	47	4	1	1	39	12	4	5	5	2	1	1	5.600000e-01	1.534900e+02	1812	1	2
52	2	48	4	1	2	27	46	3	5	3	1	1	2	1.600000e-01	1.536500e+02	5283	0	2
52	2	49	4	1	3	9	33	4	3	3	2	1	1	4.200000e-01	1.540700e+02	6198	1	2
52	2	50	4	1	4	34	49	4	3	4	1	1	2	6.500000e-01	1.547200e+02	3780	0	2
52	2	51	4	2	1	13	41	5	2	5	1	1	1	5.100000e-01	1.552300e+02	1404	1	1
52	2	52	4	2	2	52	28	2	4	2	1	1	1	7.200000e-01	1.559500e+02	2819	1	1
52	2	53	4	2	3	11	36	2	5	2	1	1	1	4.700000e-01	1.564200e+02	2308	1	1
52	2	54	4	2	4	46	34	3	4	3	1	1	1	7.600000e-01	1.571800e+02	3364	1	1
52	2	55	4	2	5	52	21	3	4	3	1	1	1	6.800000e-01	1.578600e+02	3493	1	1
52	2	56	4	2	6	12	3	5	3	5	1	1	1	2.700000e-01	1.581300e+02	4132	1	1
52	2	57	4	1	1	43	37	5	2	2	2	1	1	3.000000e-01	1.584300e+02	2689	1	2
52	2	58	4	1	2	38	47	3	4	4	2	1	1	4.300000e-01	1.588600e+02	2890	1	1
52	2	59	4	1	3	29	20	4	3	4	1	1	2	4.100000e-01	1.592700e+02	4684	0	2
52	2	60	4	1	4	40	36	4	5	5	2	1	1	5.000000e-01	1.597700e+02	3315	1	2
52	2	61	4	1	5	38	31	3	4	4	2	1	1	6.000000e-01	1.603700e+02	2461	1	1
52	2	62	4	1	6	53	44	3	2	3	1	1	2	1.600000e-01	1.605300e+02	1740	0	2
52	2	63	4	2	1	41	16	3	4	3	1	1	1	4.100000e-01	1.609400e+02	2173	1	1
52	2	64	4	2	2	53	1	4	3	4	1	1	1	4.800000e-01	1.614200e+02	2636	1	1
52	2	65	4	1	1	21	30	5	3	5	1	1	2	4.900000e-01	1.619100e+02	3141	0	1
52	2	66	4	1	2	21	32	4	2	4	1	1	2	6.300000e-01	1.625400e+02	1476	0	1
52	2	67	4	2	1	31	10	4	2	4	1	1	1	6.200000e-01	1.631600e+02	2060	1	1
52	2	68	4	2	2	14	33	4	5	5	2	1	2	7.900000e-01	1.639500e+02	3765	0	2
52	2	69	4	2	3	41	31	3	5	3	1	1	1	2.900000e-01	1.642400e+02	2621	1	2
52	2	70	4	2	4	30	23	2	5	2	1	1	1	5.800000e-01	1.648200e+02	1891	1	1
52	2	71	4	2	5	51	46	2	3	2	1	1	1	6.000000e-01	1.654200e+02	2029	1	1
52	2	72	4	1	1	35	8	3	5	5	2	1	1	5.700000e-01	1.659900e+02	4866	1	2
52	2	73	4	1	2	14	33	2	4	2	1	1	2	1.120000e+00	1.671100e+02	3451	0	2
52	2	74	4	1	3	4	51	5	4	5	1	1	2	6.500000e-01	1.677600e+02	4916	0	1
52	2	75	4	2	1	24	35	3	5	3	1	1	1	4.200000e-01	1.681800e+02	3235	1	1
52	2	76	4	1	1	24	45	5	4	5	1	1	2	4.300000e-01	1.686100e+02	2038	0	1
52	2	77	4	1	2	53	25	4	2	4	1	1	2	7.200000e-01	1.693300e+02	1010	0	1
52	2	78	4	1	3	39	25	5	4	4	2	1	1	5.100000e-01	1.698400e+02	2196	1	2
52	2	79	4	1	4	41	3	4	3	3	2	1	1	4.300000e-01	1.702700e+02	3460	1	1
52	2	80	4	1	5	5	16	2	5	5	2	1	1	4.200000e-01	1.706900e+02	1981	1	1
52	2	81	4	2	1	29	36	2	3	2	1	1	1	3.700000e-01	1.710600e+02	1516	1	2
52	2	82	4	2	2	33	29	5	3	5	1	1	1	4.900000e-01	1.715500e+02	2852	1	1
52	2	83	4	2	3	24	47	4	2	4	1	1	1	5.400000e-01	1.720900e+02	3236	1	1
52	2	84	4	1	1	30	18	3	2	3	1	1	2	3.400000e-01	1.724300e+02	1005	0	1
