LEDIS1	Code = 62	
SubNo	Group(1=OptHighReward;2=OptLowReward)	Block_trial	Block	VarDist_cond	Run_number	Targ1_position	Targ2_position	Red_targ_digit	Blue_targ_digit	Response	Targ_Choice	Acc	OutcomeCond(0=inaccurate;1=lowReward;2=highReward)	OutcomeValue	Points	RT	Optimal_Choice	Repeat_Switch
62	2	1	0	2	1	35	53	4	3	3	2	1	NaN	0	0	7825	0	NaN
62	2	2	0	2	2	37	16	2	3	2	1	1	NaN	0	0	2133	1	2
62	2	3	0	2	3	14	30	4	2	5	0	0	NaN	0	0	11069	NaN	NaN
62	2	4	0	2	4	11	10	2	4	4	2	1	NaN	0	0	10376	0	NaN
62	2	5	0	2	5	40	37	4	3	4	1	1	NaN	0	0	6184	1	2
62	2	6	0	2	6	39	38	2	5	5	2	1	NaN	0	0	5503	0	2
62	2	7	0	1	1	6	29	2	4	2	1	1	NaN	0	0	2777	0	2
62	2	8	0	1	2	41	4	5	4	4	2	1	NaN	0	0	8883	1	2
62	2	9	0	1	3	42	28	4	2	2	2	1	NaN	0	0	4531	1	1
62	2	10	0	1	4	30	28	4	3	4	1	1	NaN	0	0	2331	0	2
62	2	1	1	2	1	16	21	2	5	5	2	1	2	3.000000e-01	3.000000e-01	2480	0	NaN
62	2	2	1	2	2	43	36	2	3	3	2	1	2	5.600000e-01	8.600000e-01	3905	0	1
62	2	3	1	2	3	6	46	2	4	2	1	1	1	5.300000e-01	1.390000e+00	4992	1	2
62	2	4	1	2	4	40	21	4	2	4	1	1	1	3.600000e-01	1.750000e+00	2328	1	1
62	2	5	1	2	5	35	48	4	5	4	1	1	1	6.400000e-01	2.390000e+00	1479	1	1
62	2	6	1	2	6	4	45	2	3	2	1	1	1	6.400000e-01	3.030000e+00	2065	1	1
62	2	7	1	1	1	23	17	4	5	4	1	1	2	4.800000e-01	3.510000e+00	1353	0	1
62	2	8	1	1	2	14	10	5	4	4	2	1	1	5.400000e-01	4.050000e+00	5058	1	2
62	2	9	1	1	3	50	46	5	3	5	1	1	2	5.800000e-01	4.630000e+00	1808	0	2
62	2	10	1	1	4	12	33	2	4	2	1	1	2	4.100000e-01	5.040000e+00	1719	0	1
62	2	11	1	1	5	52	9	3	2	3	1	1	2	8.400000e-01	5.880000e+00	4369	0	1
62	2	12	1	1	6	8	28	4	3	4	1	1	2	2.200000e-01	6.100000e+00	5114	0	1
62	2	13	1	2	1	52	16	3	4	4	2	1	2	1.530000e+00	7.630000e+00	1387	0	2
62	2	14	1	2	2	20	16	5	4	4	2	1	2	4.400000e-01	8.070000e+00	785	0	1
62	2	15	1	2	3	36	13	5	4	4	2	1	2	5.500000e-01	8.620000e+00	5154	0	1
62	2	16	1	1	1	8	4	5	3	3	2	1	1	6.300000e-01	9.250000e+00	9075	1	1
62	2	17	1	1	2	6	12	4	2	2	2	1	1	5.100000e-01	9.760000e+00	1666	1	1
62	2	18	1	1	3	49	36	4	5	4	1	1	2	4.500000e-01	1.021000e+01	1872	0	2
62	2	19	1	1	4	46	53	2	5	2	1	1	2	1.100000e-01	1.032000e+01	2840	0	1
62	2	20	1	2	1	21	36	3	2	2	2	1	2	6.400000e-01	1.096000e+01	5642	0	2
62	2	21	1	2	2	19	20	5	2	5	1	1	1	3.400000e-01	1.130000e+01	1642	1	2
62	2	22	1	2	3	4	7	5	4	5	1	1	1	5.800000e-01	1.188000e+01	1110	1	1
62	2	23	1	2	4	8	35	3	4	3	1	1	1	6.900000e-01	1.257000e+01	4715	1	1
62	2	24	1	1	1	13	41	4	5	4	1	1	2	1.700000e-01	1.274000e+01	4913	0	1
62	2	25	1	1	2	16	50	5	3	5	1	1	2	9.000000e-01	1.364000e+01	3034	0	1
62	2	26	1	1	3	53	32	3	5	3	1	1	2	1.090000e+00	1.473000e+01	4514	0	1
62	2	27	1	2	1	52	53	2	5	2	1	1	1	3.100000e-01	1.504000e+01	1146	1	1
62	2	28	1	2	2	9	29	4	2	2	2	1	2	7.700000e-01	1.581000e+01	1618	0	2
62	2	29	1	2	3	11	14	4	5	5	2	1	2	3.100000e-01	1.612000e+01	1689	0	1
62	2	30	1	2	4	7	13	5	2	2	2	1	2	8.300000e-01	1.695000e+01	849	0	1
62	2	31	1	2	5	21	47	4	5	4	1	1	1	6.000000e-01	1.755000e+01	3618	1	2
62	2	32	1	1	1	4	12	3	5	3	1	1	2	8.400000e-01	1.839000e+01	2954	0	1
62	2	33	1	2	1	26	46	2	5	5	2	1	2	1.110000e+00	1.950000e+01	3506	0	2
62	2	34	1	2	2	13	43	3	5	3	1	1	1	5.800000e-01	2.008000e+01	4338	1	2
62	2	35	1	1	1	51	45	3	2	3	1	1	2	1.060000e+00	2.114000e+01	3562	0	1
62	2	36	1	1	2	53	30	4	2	2	2	1	1	3.600000e-01	2.150000e+01	3450	1	2
62	2	37	1	2	1	17	34	3	4	3	1	1	1	5.000000e-01	2.200000e+01	1666	1	2
62	2	38	1	1	1	22	24	3	5	5	2	1	1	4.800000e-01	2.248000e+01	5354	1	2
62	2	39	1	1	2	18	40	3	4	4	2	1	1	3.100000e-01	2.279000e+01	2097	1	1
62	2	40	1	1	3	38	16	3	4	3	1	1	2	6.200000e-01	2.341000e+01	2664	0	2
62	2	41	1	1	4	38	24	5	4	5	1	1	2	0	2.341000e+01	1657	0	1
62	2	42	1	1	5	36	39	2	4	4	2	1	1	6.700000e-01	2.408000e+01	1384	1	2
62	2	43	1	2	1	33	37	5	2	2	2	1	2	1.200000e-01	2.420000e+01	1314	0	1
62	2	44	1	1	1	44	18	2	3	2	1	1	2	7.500000e-01	2.495000e+01	5835	0	2
62	2	45	1	1	2	28	4	5	3	5	1	1	2	6.000000e-01	2.555000e+01	3822	0	1
62	2	46	1	1	3	26	54	2	3	2	1	1	2	7.000000e-02	2.562000e+01	3602	0	1
62	2	47	1	1	4	7	11	4	2	4	1	1	2	4.700000e-01	2.609000e+01	1729	0	1
62	2	48	1	1	5	50	17	3	4	3	1	1	2	2.000000e-02	2.611000e+01	2399	0	1
62	2	49	1	1	6	49	9	3	5	3	1	1	2	7.900000e-01	2.690000e+01	4481	0	1
62	2	50	1	2	1	41	34	4	2	4	1	1	1	5.600000e-01	2.746000e+01	3178	1	1
62	2	51	1	2	2	24	49	2	3	2	1	1	1	7.000000e-01	2.816000e+01	2506	1	1
62	2	52	1	2	3	37	19	5	3	3	2	1	2	7.800000e-01	2.894000e+01	9328	0	2
62	2	53	1	1	1	31	4	5	4	4	2	1	1	4.200000e-01	2.936000e+01	2586	1	1
62	2	54	1	1	2	30	40	2	3	3	2	1	1	5.400000e-01	2.990000e+01	2714	1	1
62	2	55	1	1	3	40	39	2	5	5	2	1	1	3.800000e-01	3.028000e+01	3634	1	1
62	2	56	1	1	4	36	37	5	2	2	2	1	1	5.000000e-01	3.078000e+01	1306	1	1
62	2	57	1	1	5	54	2	2	4	4	2	1	1	4.900000e-01	3.127000e+01	3171	1	1
62	2	58	1	2	1	37	32	3	2	3	1	1	1	5.000000e-01	3.177000e+01	3274	1	2
62	2	59	1	2	2	44	50	2	5	2	1	1	1	4.600000e-01	3.223000e+01	3089	1	1
62	2	60	1	2	3	52	42	4	3	4	1	1	1	6.300000e-01	3.286000e+01	3300	1	1
62	2	61	1	2	4	18	44	4	3	4	1	1	1	2.800000e-01	3.314000e+01	2074	1	1
62	2	62	1	2	5	15	40	2	4	2	1	1	1	5.500000e-01	3.369000e+01	1867	1	1
62	2	63	1	1	1	28	5	5	2	2	2	1	1	6.100000e-01	3.430000e+01	3114	1	2
62	2	64	1	1	2	48	21	3	2	2	2	1	1	5.900000e-01	3.489000e+01	1217	1	1
62	2	65	1	1	3	24	19	4	3	3	2	1	1	5.700000e-01	3.546000e+01	1392	1	1
62	2	66	1	2	1	6	43	3	2	3	1	1	1	5.000000e-01	3.596000e+01	3451	1	2
62	2	67	1	2	2	1	13	5	2	5	1	1	1	5.800000e-01	3.654000e+01	2748	1	1
62	2	68	1	2	3	31	36	4	5	4	1	1	1	5.700000e-01	3.711000e+01	2295	1	1
62	2	69	1	2	4	12	18	5	3	5	1	1	1	4.700000e-01	3.758000e+01	4186	1	1
62	2	70	1	2	5	28	48	3	4	4	2	1	2	3.200000e-01	3.790000e+01	1226	0	2
62	2	71	1	2	6	31	18	4	3	4	1	1	1	4.700000e-01	3.837000e+01	3488	1	2
62	2	72	1	1	1	27	11	3	2	2	2	1	1	3.300000e-01	3.870000e+01	1331	1	2
62	2	73	1	1	2	28	46	4	2	2	2	1	1	4.700000e-01	3.917000e+01	1706	1	1
62	2	74	1	2	1	52	47	2	4	2	1	1	1	5.100000e-01	3.968000e+01	3042	1	2
62	2	75	1	2	2	13	36	5	2	5	1	1	1	5.400000e-01	4.022000e+01	4513	1	1
62	2	76	1	1	1	5	45	5	4	4	2	1	1	6.700000e-01	4.089000e+01	3426	1	2
62	2	77	1	2	1	7	14	3	5	3	1	1	1	4.600000e-01	4.135000e+01	2314	1	2
62	2	78	1	2	2	35	22	2	3	2	1	1	1	5.700000e-01	4.192000e+01	2633	1	1
62	2	79	1	2	3	7	20	4	3	4	1	1	1	5.900000e-01	4.251000e+01	2410	1	1
62	2	80	1	2	4	3	6	3	5	3	1	1	1	6.100000e-01	4.312000e+01	2161	1	1
62	2	81	1	1	1	16	12	4	3	4	1	1	2	3.000000e-02	4.315000e+01	2122	0	1
62	2	82	1	1	2	44	31	5	3	3	2	1	1	5.200000e-01	4.367000e+01	2593	1	2
62	2	83	1	1	3	45	15	2	4	4	2	1	1	5.300000e-01	4.420000e+01	1985	1	1
62	2	84	1	1	4	5	23	2	5	2	1	1	2	3.000000e-02	4.423000e+01	1842	0	2
62	2	1	2	1	1	49	13	4	5	5	2	1	1	4.100000e-01	4.464000e+01	9945	1	NaN
62	2	2	2	2	1	43	22	3	4	4	2	1	2	1.010000e+00	4.565000e+01	5663	0	1
62	2	3	2	1	1	54	27	4	2	2	2	1	1	4.800000e-01	4.613000e+01	1307	1	1
62	2	4	2	1	2	40	13	4	3	4	1	1	2	6.800000e-01	4.681000e+01	3072	0	2
62	2	5	2	1	3	16	9	4	5	4	1	1	2	5.400000e-01	4.735000e+01	929	0	1
62	2	6	2	2	1	40	37	4	2	2	2	1	2	2.000000e-01	4.755000e+01	1538	0	2
62	2	7	2	2	2	42	13	4	5	4	1	1	1	4.300000e-01	4.798000e+01	3312	1	2
62	2	8	2	1	1	6	10	2	5	2	1	1	2	7.100000e-01	4.869000e+01	1017	0	1
62	2	9	2	1	2	6	34	2	3	2	1	1	2	5.000000e-02	4.874000e+01	825	0	1
62	2	10	2	2	1	54	16	2	4	2	1	1	1	5.900000e-01	4.933000e+01	2627	1	1
62	2	11	2	2	2	9	13	4	5	5	2	1	2	7.700000e-01	5.010000e+01	6809	0	2
62	2	12	2	2	3	50	53	5	4	4	2	1	2	1.100000e-01	5.021000e+01	2073	0	1
62	2	13	2	2	4	8	11	4	5	5	2	1	2	3.700000e-01	5.058000e+01	1560	0	1
62	2	14	2	1	1	2	47	3	5	3	1	1	2	9.600000e-01	5.154000e+01	2130	0	2
62	2	15	2	1	2	9	46	5	4	5	1	1	2	2.600000e-01	5.180000e+01	3569	0	1
62	2	16	2	1	3	30	37	4	3	4	1	1	2	6.500000e-01	5.245000e+01	2283	0	1
62	2	17	2	1	4	5	27	2	3	2	1	1	2	6.100000e-01	5.306000e+01	3546	0	1
62	2	18	2	2	1	45	15	4	2	2	2	1	2	5.100000e-01	5.357000e+01	6658	0	2
62	2	19	2	2	2	32	51	4	2	4	1	1	1	3.800000e-01	5.395000e+01	4922	1	2
62	2	20	2	2	3	1	38	5	4	5	1	1	1	3.900000e-01	5.434000e+01	986	1	1
62	2	21	2	2	4	32	10	2	5	2	1	1	1	4.600000e-01	5.480000e+01	4314	1	1
62	2	22	2	2	5	28	47	4	3	4	1	1	1	3.600000e-01	5.516000e+01	4010	1	1
62	2	23	2	1	1	51	30	2	5	2	1	1	2	0	5.516000e+01	793	0	1
62	2	24	2	1	2	32	12	4	2	2	2	1	1	6.700000e-01	5.583000e+01	1195	1	2
62	2	25	2	1	3	13	41	5	2	5	1	1	2	5.300000e-01	5.636000e+01	1658	0	2
62	2	26	2	1	4	17	43	2	4	2	1	1	2	4.800000e-01	5.684000e+01	4571	0	1
62	2	27	2	1	5	50	43	2	5	2	1	1	2	3.800000e-01	5.722000e+01	2930	0	1
62	2	28	2	2	1	42	12	5	2	2	2	1	2	9.500000e-01	5.817000e+01	2615	0	2
62	2	29	2	2	2	49	50	3	4	4	2	1	2	5.600000e-01	5.873000e+01	2322	0	1
62	2	30	2	2	3	43	52	2	3	2	1	1	1	5.800000e-01	5.931000e+01	2641	1	2
62	2	31	2	1	1	33	9	5	3	3	2	1	1	3.600000e-01	5.967000e+01	1393	1	2
62	2	32	2	1	2	30	18	5	4	4	2	1	1	4.500000e-01	6.012000e+01	1233	1	1
62	2	33	2	1	3	25	39	2	3	2	1	1	2	3.800000e-01	6.050000e+01	923	0	2
62	2	34	2	1	4	18	27	3	2	3	1	1	2	9.400000e-01	6.144000e+01	2728	0	1
62	2	35	2	1	5	52	29	2	5	5	2	1	1	5.000000e-01	6.194000e+01	5266	1	2
62	2	36	2	1	6	17	33	5	2	5	1	1	2	2.000000e-01	6.214000e+01	2265	0	2
62	2	37	2	2	1	27	35	2	3	3	2	1	2	8.800000e-01	6.302000e+01	5361	0	2
62	2	38	2	2	2	46	35	2	5	5	2	1	2	6.100000e-01	6.363000e+01	1154	0	1
62	2	39	2	2	3	26	41	5	4	4	2	1	2	3.000000e-02	6.366000e+01	2675	0	1
62	2	40	2	2	4	36	50	5	2	5	1	1	1	6.600000e-01	6.432000e+01	2682	1	2
62	2	41	2	2	5	34	53	3	5	3	1	1	1	5.300000e-01	6.485000e+01	5955	1	1
62	2	42	2	2	6	15	41	5	3	5	1	1	1	6.700000e-01	6.552000e+01	953	1	1
62	2	43	2	1	1	46	17	3	2	3	1	1	2	1.040000e+00	6.656000e+01	5162	0	1
62	2	44	2	1	2	39	38	4	2	2	2	1	1	4.200000e-01	6.698000e+01	1225	1	2
62	2	45	2	1	3	22	4	2	3	3	2	1	1	3.500000e-01	6.733000e+01	1625	1	1
62	2	46	2	1	4	9	15	5	3	3	2	1	1	4.900000e-01	6.782000e+01	5841	1	1
62	2	47	2	1	5	35	1	4	5	4	1	1	2	3.400000e-01	6.816000e+01	3369	0	2
62	2	48	2	2	1	30	32	3	2	3	1	1	1	4.000000e-01	6.856000e+01	3961	1	1
62	2	49	2	2	2	54	38	2	5	2	1	1	1	5.600000e-01	6.912000e+01	1722	1	1
62	2	50	2	2	3	41	25	2	3	2	1	1	1	6.800000e-01	6.980000e+01	3767	1	1
62	2	51	2	2	4	14	46	3	2	3	1	1	1	4.400000e-01	7.024000e+01	3523	1	1
62	2	52	2	2	5	38	24	2	4	2	1	1	1	4.000000e-01	7.064000e+01	2003	1	1
62	2	53	2	2	6	18	27	5	3	5	1	1	1	4.700000e-01	7.111000e+01	2105	1	1
62	2	54	2	1	1	44	8	4	3	3	2	1	1	5.800000e-01	7.169000e+01	4593	1	2
62	2	55	2	1	2	22	32	3	5	5	2	1	1	4.000000e-01	7.209000e+01	2721	1	1
62	2	56	2	1	3	29	26	3	4	4	2	1	1	3.600000e-01	7.245000e+01	3280	1	1
62	2	57	2	2	1	21	11	3	4	3	1	1	1	4.900000e-01	7.294000e+01	2458	1	2
62	2	58	2	2	2	19	2	3	4	3	1	1	1	4.900000e-01	7.343000e+01	1552	1	1
62	2	59	2	1	1	3	43	5	4	4	2	1	1	5.600000e-01	7.399000e+01	3170	1	2
62	2	60	2	1	2	53	37	3	5	5	2	1	1	4.300000e-01	7.442000e+01	2459	1	1
62	2	61	2	2	1	27	12	5	2	5	1	1	1	4.800000e-01	7.490000e+01	1785	1	2
62	2	62	2	2	2	9	3	3	5	3	1	1	1	4.500000e-01	7.535000e+01	1601	1	1
62	2	63	2	2	3	21	8	2	4	2	1	1	1	4.900000e-01	7.584000e+01	2721	1	1
62	2	64	2	2	4	46	41	5	3	5	1	1	1	6.800000e-01	7.652000e+01	14169	1	1
62	2	65	2	2	5	9	48	4	2	4	1	1	1	4.300000e-01	7.695000e+01	1255	1	1
62	2	66	2	1	1	44	32	2	4	4	2	1	1	3.400000e-01	7.729000e+01	3090	1	2
62	2	67	2	2	1	48	2	3	2	3	1	1	1	5.600000e-01	7.785000e+01	3329	1	2
62	2	68	2	2	2	28	4	3	5	3	1	1	1	3.900000e-01	7.824000e+01	945	1	1
62	2	69	2	2	3	44	9	5	3	5	1	1	1	5.000000e-01	7.874000e+01	3800	1	1
62	2	70	2	1	1	26	42	3	4	3	1	1	2	2.000000e-01	7.894000e+01	1522	0	1
62	2	71	2	1	2	2	16	4	3	4	1	1	2	7.500000e-01	7.969000e+01	993	0	1
62	2	72	2	1	3	24	34	4	5	5	2	1	1	5.700000e-01	8.026000e+01	2815	1	2
62	2	73	2	1	4	29	1	3	4	4	2	1	1	4.800000e-01	8.074000e+01	1355	1	1
62	2	74	2	1	5	2	54	5	3	5	1	1	2	5.600000e-01	8.130000e+01	929	0	2
62	2	75	2	1	6	5	2	3	5	4	0	0	0	0	8.130000e+01	5778	NaN	NaN
62	2	76	2	2	1	33	31	5	4	4	2	1	2	1.250000e+00	8.255000e+01	2973	0	NaN
62	2	77	2	2	2	12	34	2	4	4	2	1	2	9.800000e-01	8.353000e+01	1826	0	1
62	2	78	2	2	3	1	3	3	2	2	2	1	2	4.600000e-01	8.399000e+01	842	0	1
62	2	79	2	2	4	11	46	5	2	5	1	1	1	4.200000e-01	8.441000e+01	2441	1	2
62	2	80	2	1	1	15	12	3	2	2	2	1	1	3.800000e-01	8.479000e+01	1231	1	2
62	2	81	2	1	2	41	26	5	2	5	1	1	2	6.400000e-01	8.543000e+01	3178	0	2
62	2	82	2	1	3	42	18	2	4	4	2	1	1	4.500000e-01	8.588000e+01	5176	1	2
62	2	83	2	1	4	6	3	4	3	3	2	1	1	5.100000e-01	8.639000e+01	1195	1	1
62	2	84	2	2	1	9	46	4	3	4	1	1	1	4.600000e-01	8.685000e+01	3288	1	2
62	2	1	3	1	1	21	52	3	4	3	1	1	2	2.800000e-01	8.713000e+01	2248	0	NaN
62	2	2	3	1	2	2	8	2	3	3	2	1	1	5.400000e-01	8.767000e+01	2289	1	2
62	2	3	3	2	1	38	6	3	5	5	2	1	2	8.400000e-01	8.851000e+01	1745	0	1
62	2	4	3	2	2	35	39	3	4	4	2	1	2	1.500000e+00	9.001000e+01	3186	0	1
62	2	5	3	1	1	32	14	4	5	5	2	1	1	3.400000e-01	9.035000e+01	3698	1	1
62	2	6	3	2	1	52	39	2	3	2	1	1	1	3.800000e-01	9.073000e+01	1346	1	2
62	2	7	3	1	1	32	25	3	4	3	1	1	2	9.900000e-01	9.172000e+01	3290	0	1
62	2	8	3	1	2	9	28	5	2	2	2	1	1	4.500000e-01	9.217000e+01	1369	1	2
62	2	9	3	1	3	46	38	4	5	4	1	1	2	6.500000e-01	9.282000e+01	4456	0	2
62	2	10	3	2	1	29	14	4	2	4	1	1	1	6.800000e-01	9.350000e+01	1617	1	1
62	2	11	3	2	2	22	23	5	3	5	1	1	1	5.800000e-01	9.408000e+01	2466	1	1
62	2	12	3	2	3	6	47	5	4	5	1	1	1	7.300000e-01	9.481000e+01	2185	1	1
62	2	13	3	1	1	54	15	3	4	4	2	1	1	5.600000e-01	9.537000e+01	1919	1	2
62	2	14	3	1	2	15	27	4	2	2	2	1	1	7.200000e-01	9.609000e+01	1625	1	1
62	2	15	3	1	3	39	4	5	2	2	2	1	1	4.600000e-01	9.655000e+01	1811	1	1
62	2	16	3	1	4	1	16	2	5	5	2	1	1	3.700000e-01	9.692000e+01	1832	1	1
62	2	17	3	1	5	2	20	4	2	2	2	1	1	4.800000e-01	9.740000e+01	2233	1	1
62	2	18	3	2	1	11	8	4	3	4	1	1	1	6.400000e-01	9.804000e+01	1915	1	2
62	2	19	3	2	2	7	11	5	4	5	1	1	1	3.700000e-01	9.841000e+01	1929	1	1
62	2	20	3	2	3	1	4	4	2	4	1	1	1	5.700000e-01	9.898000e+01	1986	1	1
62	2	21	3	2	4	42	39	2	3	2	1	1	1	4.300000e-01	9.941000e+01	3384	1	1
62	2	22	3	2	5	23	9	2	4	4	2	1	2	7.600000e-01	1.001700e+02	1375	0	2
62	2	23	3	2	6	24	14	4	5	4	1	1	1	3.700000e-01	1.005400e+02	3211	1	2
62	2	24	3	1	1	6	37	5	2	2	2	1	1	5.100000e-01	1.010500e+02	2018	1	2
62	2	25	3	1	2	35	50	3	5	5	2	1	1	2.600000e-01	1.013100e+02	2947	1	1
62	2	26	3	1	3	12	36	2	5	2	1	1	2	2.700000e-01	1.015800e+02	1329	0	2
62	2	27	3	1	4	18	10	5	4	4	2	1	1	5.500000e-01	1.021300e+02	4425	1	2
62	2	28	3	1	5	25	4	5	2	2	2	1	1	4.600000e-01	1.025900e+02	2178	1	1
62	2	29	3	1	6	20	19	2	5	5	2	1	1	6.500000e-01	1.032400e+02	3881	1	1
62	2	30	3	2	1	46	48	5	4	5	1	1	1	4.300000e-01	1.036700e+02	3519	1	2
62	2	31	3	2	2	5	8	4	2	4	1	1	1	2.300000e-01	1.039000e+02	1977	1	1
62	2	32	3	2	3	30	1	2	4	2	1	1	1	3.500000e-01	1.042500e+02	1122	1	1
62	2	33	3	2	4	6	22	4	3	4	1	1	1	6.200000e-01	1.048700e+02	2315	1	1
62	2	34	3	2	5	15	51	3	4	3	1	1	1	4.900000e-01	1.053600e+02	2714	1	1
62	2	35	3	1	1	32	10	2	4	4	2	1	1	5.400000e-01	1.059000e+02	1473	1	2
62	2	36	3	1	2	54	28	2	4	4	2	1	1	6.100000e-01	1.065100e+02	1115	1	1
62	2	37	3	1	3	25	12	3	5	5	2	1	1	2.500000e-01	1.067600e+02	1305	1	1
62	2	38	3	1	4	1	49	2	3	2	1	1	2	2.000000e-01	1.069600e+02	665	0	2
62	2	39	3	2	1	3	31	5	3	5	1	1	1	4.200000e-01	1.073800e+02	5304	1	1
62	2	40	3	2	2	13	20	5	2	2	2	1	2	2.000000e-02	1.074000e+02	1713	0	2
62	2	41	3	2	3	38	42	2	3	2	1	1	1	4.800000e-01	1.078800e+02	3795	1	2
62	2	42	3	2	4	17	10	3	2	2	2	1	2	1.220000e+00	1.091000e+02	794	0	2
62	2	43	3	1	1	24	26	4	2	2	2	1	1	5.000000e-01	1.096000e+02	1227	1	1
62	2	44	3	1	2	40	31	3	2	3	1	1	2	1.080000e+00	1.106800e+02	3504	0	2
62	2	45	3	1	3	24	46	5	3	5	1	1	2	1.700000e-01	1.108500e+02	3273	0	1
62	2	46	3	1	4	36	33	4	3	4	1	1	2	5.000000e-01	1.113500e+02	2835	0	1
62	2	47	3	1	5	2	3	3	5	5	2	1	1	4.100000e-01	1.117600e+02	3083	1	2
62	2	48	3	1	6	51	33	2	3	2	1	1	2	7.800000e-01	1.125400e+02	5218	0	2
62	2	49	3	2	1	50	40	4	2	4	1	1	1	4.700000e-01	1.130100e+02	1384	1	1
62	2	50	3	2	2	18	38	3	5	5	2	1	2	7.300000e-01	1.137400e+02	2889	0	2
62	2	51	3	2	3	52	15	2	5	2	1	1	1	5.800000e-01	1.143200e+02	3755	1	2
62	2	52	3	2	4	5	29	3	5	5	2	1	2	4.600000e-01	1.147800e+02	1278	0	2
62	2	53	3	1	1	9	27	5	4	4	2	1	1	6.000000e-01	1.153800e+02	5371	1	1
62	2	54	3	2	1	20	44	3	2	3	1	1	1	7.700000e-01	1.161500e+02	6186	1	2
62	2	55	3	2	2	52	28	4	5	5	2	1	2	7.500000e-01	1.169000e+02	4153	0	2
62	2	56	3	2	3	29	1	4	5	4	1	1	1	5.000000e-01	1.174000e+02	1096	1	2
62	2	57	3	1	1	12	2	2	5	2	1	1	2	9.300000e-01	1.183300e+02	3344	0	1
62	2	58	3	1	2	49	36	5	4	4	2	1	1	5.100000e-01	1.188400e+02	3306	1	2
62	2	59	3	1	3	17	45	5	2	5	1	1	2	7.300000e-01	1.195700e+02	1418	0	2
62	2	60	3	1	4	46	29	5	3	5	1	1	2	5.000000e-01	1.200700e+02	4033	0	1
62	2	61	3	2	1	26	46	5	3	5	1	1	1	4.700000e-01	1.205400e+02	1523	1	1
62	2	62	3	2	2	13	45	3	5	3	1	1	1	6.500000e-01	1.211900e+02	4250	1	1
62	2	63	3	1	1	29	15	2	4	2	1	1	2	1.380000e+00	1.225700e+02	5386	0	1
62	2	64	3	1	2	27	7	4	3	3	2	1	1	4.400000e-01	1.230100e+02	3019	1	2
62	2	65	3	1	3	26	52	5	2	5	1	1	2	5.500000e-01	1.235600e+02	4170	0	2
62	2	66	3	1	4	21	39	2	4	2	1	1	2	1.200000e-01	1.236800e+02	1947	0	1
62	2	67	3	1	5	41	22	3	2	3	1	1	2	8.200000e-01	1.245000e+02	1386	0	1
62	2	68	3	2	1	39	34	4	3	4	1	1	1	2.200000e-01	1.247200e+02	929	1	1
62	2	69	3	1	1	16	53	4	5	4	1	1	2	9.700000e-01	1.256900e+02	2667	0	1
62	2	70	3	1	2	46	23	5	3	5	1	1	2	6.000000e-01	1.262900e+02	7162	0	1
62	2	71	3	2	1	49	2	5	4	5	1	1	1	5.300000e-01	1.268200e+02	6681	1	1
62	2	72	3	2	2	49	7	3	2	3	1	1	1	6.400000e-01	1.274600e+02	1665	1	1
62	2	73	3	2	3	13	20	4	3	4	1	1	1	4.700000e-01	1.279300e+02	1321	1	1
62	2	74	3	2	4	19	7	2	5	2	1	1	1	4.800000e-01	1.284100e+02	2569	1	1
62	2	75	3	2	5	35	32	3	4	3	1	1	1	3.500000e-01	1.287600e+02	2344	1	1
62	2	76	3	1	1	14	16	3	4	4	2	1	1	3.000000e-01	1.290600e+02	2504	1	2
62	2	77	3	1	2	11	13	3	2	2	2	1	1	4.200000e-01	1.294800e+02	3114	1	1
62	2	78	3	1	3	8	40	4	5	5	2	1	1	5.300000e-01	1.300100e+02	1865	1	1
62	2	79	3	2	1	27	44	2	3	2	1	1	1	4.400000e-01	1.304500e+02	3874	1	2
62	2	80	3	2	2	38	43	3	2	3	1	1	1	3.400000e-01	1.307900e+02	3482	1	1
62	2	81	3	2	3	54	22	5	3	5	1	1	1	6.300000e-01	1.314200e+02	2225	1	1
62	2	82	3	2	4	53	49	4	3	4	1	1	1	4.200000e-01	1.318400e+02	2259	1	1
62	2	83	3	2	5	4	34	2	5	2	1	1	1	5.000000e-01	1.323400e+02	2506	1	1
62	2	84	3	2	6	29	30	2	4	2	1	1	1	5.000000e-01	1.328400e+02	1312	1	1
62	2	1	4	2	1	41	22	2	3	3	2	1	2	3.800000e-01	1.332200e+02	5185	0	NaN
62	2	2	4	2	2	10	25	4	5	4	1	1	1	5.500000e-01	1.337700e+02	1665	1	2
62	2	3	4	2	3	14	7	5	4	5	1	1	1	4.700000e-01	1.342400e+02	2563	1	1
62	2	4	4	2	4	36	19	4	5	4	1	1	1	3.000000e-01	1.345400e+02	1967	1	1
62	2	5	4	2	5	27	23	3	4	4	2	1	2	2.000000e-02	1.345600e+02	3105	0	2
62	2	6	4	2	6	45	18	5	3	3	2	1	2	6.100000e-01	1.351700e+02	2274	0	1
62	2	7	4	1	1	33	51	4	5	5	2	1	1	3.500000e-01	1.355200e+02	737	1	1
62	2	8	4	1	2	5	47	2	3	2	1	1	2	3.400000e-01	1.358600e+02	3473	0	2
62	2	9	4	1	3	39	8	2	3	3	2	1	1	3.900000e-01	1.362500e+02	1280	1	2
62	2	10	4	1	4	8	19	2	4	2	1	1	2	2.000000e-02	1.362700e+02	713	0	2
62	2	11	4	1	5	44	24	3	4	4	2	1	1	4.500000e-01	1.367200e+02	5794	1	2
62	2	12	4	1	6	20	29	5	2	5	1	1	2	5.800000e-01	1.373000e+02	7120	0	2
62	2	13	4	2	1	22	37	2	4	2	1	1	1	4.900000e-01	1.377900e+02	1120	1	1
62	2	14	4	2	2	29	12	3	5	3	1	1	1	6.300000e-01	1.384200e+02	2649	1	1
62	2	15	4	2	3	27	18	5	3	5	1	1	1	4.700000e-01	1.388900e+02	1105	1	1
62	2	16	4	1	1	19	47	4	2	2	2	1	1	3.200000e-01	1.392100e+02	2122	1	2
62	2	17	4	1	2	48	15	4	3	3	2	1	1	5.000000e-01	1.397100e+02	2832	1	1
62	2	18	4	1	3	25	13	2	4	4	2	1	1	5.100000e-01	1.402200e+02	1698	1	1
62	2	19	4	1	4	40	16	3	2	2	2	1	1	5.400000e-01	1.407600e+02	2977	1	1
62	2	20	4	2	1	6	48	5	4	5	1	1	1	5.600000e-01	1.413200e+02	3090	1	2
62	2	21	4	2	2	44	3	2	3	2	1	1	1	6.500000e-01	1.419700e+02	2184	1	1
62	2	22	4	2	3	19	21	3	4	3	1	1	1	4.400000e-01	1.424100e+02	2538	1	1
62	2	23	4	2	4	11	17	4	5	4	1	1	1	5.300000e-01	1.429400e+02	1289	1	1
62	2	24	4	1	1	17	9	5	4	4	2	1	1	5.000000e-01	1.434400e+02	3257	1	2
62	2	25	4	1	2	24	32	2	4	4	2	1	1	4.300000e-01	1.438700e+02	2464	1	1
62	2	26	4	1	3	19	42	5	3	3	2	1	1	7.500000e-01	1.446200e+02	2433	1	1
62	2	27	4	2	1	45	3	3	2	2	2	1	2	3.800000e-01	1.450000e+02	5154	0	1
62	2	28	4	2	2	4	6	4	3	4	1	1	1	3.300000e-01	1.453300e+02	2530	1	2
62	2	29	4	2	3	34	46	5	4	5	1	1	1	7.100000e-01	1.460400e+02	2521	1	1
62	2	30	4	2	4	3	54	2	5	2	1	1	1	5.400000e-01	1.465800e+02	922	1	1
62	2	31	4	2	5	14	2	2	5	2	1	1	1	3.700000e-01	1.469500e+02	2426	1	1
62	2	32	4	1	1	41	33	4	5	5	2	1	1	5.700000e-01	1.475200e+02	1264	1	2
62	2	33	4	2	1	47	44	2	3	2	1	1	1	6.500000e-01	1.481700e+02	2944	1	2
62	2	34	4	2	2	23	14	3	2	3	1	1	1	3.900000e-01	1.485600e+02	2367	1	1
62	2	35	4	1	1	36	14	4	2	2	2	1	1	5.200000e-01	1.490800e+02	2384	1	2
62	2	36	4	1	2	36	12	3	4	4	2	1	1	4.800000e-01	1.495600e+02	1375	1	1
62	2	37	4	2	1	8	52	3	4	3	1	1	1	3.600000e-01	1.499200e+02	3224	1	2
62	2	38	4	1	1	42	30	3	4	4	2	1	1	6.400000e-01	1.505600e+02	4386	1	2
62	2	39	4	1	2	13	36	2	4	4	2	1	1	5.000000e-01	1.510600e+02	1680	1	1
62	2	40	4	1	3	3	5	5	3	3	2	1	1	5.600000e-01	1.516200e+02	2193	1	1
62	2	41	4	1	4	12	45	3	2	3	1	1	2	1.600000e-01	1.517800e+02	982	0	2
62	2	42	4	1	5	40	9	4	3	4	1	1	2	1.900000e-01	1.519700e+02	2969	0	1
62	2	43	4	2	1	4	22	3	4	3	1	1	1	5.400000e-01	1.525100e+02	3353	1	1
62	2	44	4	1	1	36	30	4	2	2	2	1	1	5.100000e-01	1.530200e+02	1246	1	2
62	2	45	4	1	2	40	38	2	5	5	2	1	1	7.200000e-01	1.537400e+02	1433	1	1
62	2	46	4	1	3	12	19	2	5	2	1	1	2	3.700000e-01	1.541100e+02	3081	0	2
62	2	47	4	1	4	53	11	5	2	2	2	1	1	7.600000e-01	1.548700e+02	7529	1	2
62	2	48	4	1	5	33	6	5	4	4	2	1	1	6.800000e-01	1.555500e+02	3267	1	1
62	2	49	4	1	6	37	39	5	2	2	2	1	1	2.700000e-01	1.558200e+02	1705	1	1
62	2	50	4	2	1	10	53	5	4	5	1	1	1	3.000000e-01	1.561200e+02	1577	1	2
62	2	51	4	2	2	52	20	4	2	4	1	1	1	4.300000e-01	1.565500e+02	3759	1	1
62	2	52	4	2	3	9	52	3	5	3	1	1	1	4.800000e-01	1.570300e+02	4026	1	1
62	2	53	4	1	1	52	12	4	3	4	1	1	2	5.000000e-01	1.575300e+02	1625	0	1
62	2	54	4	1	2	36	46	5	3	3	2	1	1	6.000000e-01	1.581300e+02	1579	1	2
62	2	55	4	1	3	53	29	3	2	2	2	1	1	4.100000e-01	1.585400e+02	1858	1	1
62	2	56	4	1	4	42	13	5	3	3	2	1	1	4.100000e-01	1.589500e+02	992	1	1
62	2	57	4	1	5	45	3	2	5	5	2	1	1	4.800000e-01	1.594300e+02	5306	1	1
62	2	58	4	2	1	47	1	2	4	4	2	1	2	4.900000e-01	1.599200e+02	1354	0	1
62	2	59	4	2	2	48	50	4	3	4	1	1	1	5.300000e-01	1.604500e+02	3718	1	2
62	2	60	4	2	3	48	27	5	4	4	2	1	2	1	1.614500e+02	1065	0	2
62	2	61	4	2	4	37	41	5	2	5	1	1	1	5.700000e-01	1.620200e+02	3010	1	2
62	2	62	4	2	5	38	26	3	5	3	1	1	1	2.900000e-01	1.623100e+02	3378	1	1
62	2	63	4	1	1	4	35	3	2	2	2	1	1	5.800000e-01	1.628900e+02	1305	1	2
62	2	64	4	1	2	54	16	4	3	3	2	1	1	6.000000e-01	1.634900e+02	1193	1	1
62	2	65	4	1	3	34	54	2	3	2	1	1	2	8.000000e-01	1.642900e+02	1337	0	2
62	2	66	4	2	1	54	11	3	5	5	2	1	2	1.120000e+00	1.654100e+02	3090	0	2
62	2	67	4	2	2	54	24	2	4	4	2	1	2	6.500000e-01	1.660600e+02	2080	0	1
62	2	68	4	2	3	37	27	2	3	2	1	1	1	4.200000e-01	1.664800e+02	1594	1	2
62	2	69	4	2	4	12	48	4	2	2	2	1	2	4.300000e-01	1.669100e+02	1151	0	2
62	2	70	4	2	5	52	50	3	5	3	1	1	1	2.100000e-01	1.671200e+02	3856	1	2
62	2	71	4	2	6	35	40	5	3	5	1	1	1	5.600000e-01	1.676800e+02	2273	1	1
62	2	72	4	1	1	51	52	4	3	3	2	1	1	5.100000e-01	1.681900e+02	2330	1	2
62	2	73	4	1	2	53	43	5	2	2	2	1	1	4.300000e-01	1.686200e+02	1898	1	1
62	2	74	4	2	1	15	44	4	5	4	1	1	1	4.200000e-01	1.690400e+02	3169	1	2
62	2	75	4	2	2	10	51	4	2	2	2	1	2	4.800000e-01	1.695200e+02	1305	0	2
62	2	76	4	1	1	53	14	2	5	2	1	1	2	6.800000e-01	1.702000e+02	1826	0	2
62	2	77	4	2	1	35	26	3	5	5	2	1	2	3.400000e-01	1.705400e+02	3000	0	2
62	2	78	4	2	2	7	5	3	5	5	2	1	2	2.600000e-01	1.708000e+02	3162	0	1
62	2	79	4	2	3	49	22	4	2	4	1	1	1	5.000000e-01	1.713000e+02	7575	1	2
62	2	80	4	2	4	33	7	5	2	5	1	1	1	4.800000e-01	1.717800e+02	3242	1	1
62	2	81	4	1	1	1	42	4	5	5	2	1	1	3.900000e-01	1.721700e+02	3064	1	2
62	2	82	4	1	2	44	48	2	5	5	2	1	1	6.500000e-01	1.728200e+02	5059	1	1
62	2	83	4	1	3	16	46	5	2	2	2	1	1	5.500000e-01	1.733700e+02	1129	1	1
62	2	84	4	1	4	18	31	3	2	2	2	1	1	6.500000e-01	1.740200e+02	2522	1	1
