Sub	group	acc	RT	RTopt	RTsubopt	propOpt	Switches	totalPoints	Nblocks
1	1	0.997024	2576.34	2502.17	3067.91	0.853731	0.230303	3.68	4
2	2	0.992063	5184.94	4876.06	5465.09	0.48	0.306122	0.89	3
3	3	0.980159	4310.43	4183.71	4395.49	0.404858	0.414226	4.01	3
4	4	0.97619	3554.27	3368.84	3679.18	0.398374	0.189873	3.75	3
5	1	0.992063	4037.98	4354.99	3773.01	0.456	0.428571	2.89	3
6	2	0.992063	4110.69	4266.26	3981.62	0.456	0.371429	3.72	3
7	3	0.988095	3067.16	3541.09	2878.8	0.286145	0.453704	3.87	4
8	4	0.996032	4730.18	4992.54	4321.76	0.613546	0.421053	2.02	3
9	1	0.992063	3932.99	3800.41	4055.22	0.48	0.322449	2.89	3
10	2	0.967262	2828.59	2856.37	2682.08	0.836923	0.315113	4	4
11	3	0.988095	3630.65	3999.08	3382.52	0.401606	0.45679	4.08	3
12	4	0.997024	3061.62	2904.49	3562.86	0.758209	0.19697	1.92	4
13	1	0.988095	4462.83	4326.46	4710.48	0.650602	0.438525	4.32	3
14	2	0.97619	5291.22	5420.12	5163.37	0.49187	0.510549	1.75	3
15	3	0.93254	7019.02	6716.27	7260.75	0.446809	0.534247	3.09	3
16	4	0.991071	3057.98	2668.72	3435.52	0.498498	0.131902	2.19	4
17	1	0.992063	3560.11	3754.76	3328.96	0.552	0.510204	1.72	3
18	2	0.982143	3125.16	2973.07	4126.16	0.860606	0.314642	4.08	4
19	3	0.994048	3280.54	2885.73	3479.76	0.338323	0.27439	4.04	4
20	4	1	6094.48	6380.17	5851.12	0.460317	0.51004	2.03	3
21	1	0.988095	2510.44	2350.34	2947.07	0.731928	0.290123	2.07	4
22	2	0.982143	2398.93	2401.76	2340.33	0.951515	0.321875	4.09	4
23	3	0.988095	5111.37	5280.28	4968.06	0.461847	0.493827	2.1	3
24	4	0.985119	3292.84	2950.05	3760.73	0.583082	0.204969	4.38	4
25	1	0.97619	2610.5	2548.47	3082.21	0.881098	0.297468	4.29	4
26	2	0.97619	2960.15	2516.48	3441.04	0.512195	0.0315457	4.07	4
27	3	0.985119	2934.03	2947.41	2927.82	0.317221	0.393189	2.38	4
28	4	0.979167	2151.29	1946.25	2351.32	0.486322	0.0188088	3.17	4
29	1	0.960317	4244.89	4334.32	4163.33	0.475207	0.426087	4	3
30	2	0.970238	2726.62	2568.92	3267.61	0.760736	0.217252	4.03	4
31	3	0.985119	2954.62	2974.25	2913.5	0.676737	0.372671	2.11	4
32	4	0.979167	3298.53	2625.5	3464.2	0.194529	0.314465	3.17	4
33	1	0.982143	2332.61	2296.17	2547.36	0.848485	0.321875	4.33	4
34	2	0.996032	4339.22	4837.88	4109.07	0.322709	0.42915	4.12	3
35	3	0.994048	2898.36	2964.29	2612.31	0.814371	0.387195	3.8	4
36	4	0.973214	3557.76	3042.69	4076.03	0.501529	0.171975	4.5	4
37	1	0.972222	4955.24	4944.59	4964.42	0.457143	0.313559	2.22	3
38	2	0.952381	3002.65	2878.24	3870.33	0.865625	0.333333	4	4
39	3	0.988095	2887.15	3264.02	2830.48	0.135542	0.339506	4.07	4
40	4	0.982143	3755.16	3708.54	3790.69	0.430303	0.490625	2.08	4
41	1	0.985119	3414.93	3704.7	3201.81	0.422961	0.496894	2.1	4
42	2	0.988095	3496.28	2920.2	3984.47	0.451807	0.114198	4.07	4
43	3	0.985119	3562.43	3124.92	4021.81	0.507553	0.136646	2.02	4
44	4	0.997024	2652.08	2661.3	2559.23	0.901493	0.336364	3.68	4
45	1	0.979167	2858.16	2859.77	2853.01	0.759878	0.361635	3.17	4
46	2	0.997024	2539.53	2485.4	2983.11	0.889552	0.309091	4.01	4
47	3	0.996032	3967.97	3859.86	4041.52	0.410359	0.37247	2.47	3
48	4	0.970238	3258.74	2430.53	3514.35	0.239264	0.301282	4.13	4
49	1	0.991071	2903	2878.13	3335.5	0.942943	0.269939	4.62	4
50	2	0.980159	5097.96	4873.33	5318.91	0.493927	0.41841	4.01	3
51	3	0.996032	4127.21	4011.76	4221.28	0.446215	0.404858	4.06	3
52	4	0.991071	2715.68	2393.6	2956.37	0.42042	0.279141	4.62	4
53	1	0.988095	4515.07	4211.64	5025.24	0.62249	0.502058	3.48	3
54	2	0.988095	2887.95	2821.1	3223.41	0.828313	0.32716	4.07	4
55	3	0.960317	4578.72	4587.27	4572.53	0.421488	0.43913	4	3
56	4	1	5588.46	5846.48	5354.62	0.47619	0.437751	3.79	3
57	1	0.997024	3090.99	3156.04	3035.99	0.456716	0.418182	1.92	4
58	2	0.985714	2185.57	2163.14	2311.48	0.845411	0.258065	3.81	5
59	3	0.982143	3726.62	3748.63	3707.16	0.469697	0.50625	2.33	4
60	4	0.985119	3642.02	3456.5	3666.42	0.114804	0.334365	4.38	4
61	1	0.970238	3577.85	3781.65	3451.88	0.383436	0.371795	2.03	4
62	2	0.982143	3627.37	3186.41	4205.94	0.560606	0.059375	2.33	4
63	3	0.985119	2814.45	2739.52	2919.34	0.583082	0.354037	4.09	4
64	4	0.984127	4078.48	3394.86	4290.51	0.233871	0.294606	3.62	3
65	1	0.994048	3555.54	3472.72	3870.97	0.784431	0.362805	2.04	4
66	2	0.979167	2939.18	2941.18	2894.79	0.954407	0.273585	3.79	4
67	3	0.967262	3857.97	4063.5	3688.63	0.452308	0.458333	1.99	4
68	4	0.982143	2929.49	2107.82	3082.99	0.166667	0.275	4.33	4
69	1	0.988095	3409.92	3361.96	3454.47	0.481928	0.268519	4.02	4
70	2	0.991071	2962.85	2864.18	3149.71	0.654655	0.352761	4.15	4
71	3	0.980159	4531.82	4989.01	4168.07	0.441296	0.425	0.94	3
72	4	0.994048	3634.3	2444.62	3715.42	0.0628743	0.295732	4.15	4
73	1	0.973214	3937.78	4185.92	3766.29	0.406728	0.449045	4.5	4
74	2	0.988095	3070.15	2995.29	3242.55	0.689759	0.267692	2.3	4
75	3	0.984127	3941.16	2852.98	4196.55	0.185484	0.323651	3.9	3
76	4	0.984127	4439.56	4457.23	4424.66	0.459677	0.448133	1.9	3
77	1	0.958333	3098.8	3088.32	3176.32	0.881988	0.297386	0	4
78	2	0.97619	5060.37	5609.62	4666.94	0.422764	0.409283	1.95	3
79	3	0.992063	4126.47	4230.38	4050.37	0.432	0.387755	3.72	3
80	4	0.988095	3853.31	3906.61	3823.05	0.373494	0.422131	3.65	3
81	1	0.97619	3098.37	3148.3	2931.01	0.762195	0.391167	4.29	4
82	2	0.960317	5105.39	5290	4911.14	0.512397	0.401747	2.01	3
83	3	0.944444	3179.94	3191.3	3123.77	0.827731	0.28125	2.43	3
84	4	0.994048	3059.9	3099.44	2875.83	0.820359	0.338415	4.15	4
85	1	0.979167	2708.74	2496.23	3118.29	0.662614	0.125786	4.73	4
86	2	0.988095	5607.15	5751.21	5484.92	0.453815	0.452675	1.32	3
87	3	1	4598.79	3757.55	4827.44	0.218254	0.35743	4.03	3
88	4	0.991071	3092.3	3407.7	2879.37	0.402402	0.466258	4.62	4
89	1	0.892857	2964.36	2985.36	2879.98	0.796667	0.394052	4.6	4
90	2	0.991071	2512.28	2507	2573.15	0.915916	0.297546	4.15	4
91	3	0.991071	3069.4	2474	3698.72	0.504505	0	4.15	4
92	4	0.997024	3193.49	2970.19	3231.23	0.146269	0.342424	3.68	4
93	1	0.97619	7551.52	7823.45	7284.01	0.495935	0.462185	1.94	3
94	2	0.997024	2852.27	2826.75	3433.86	0.952239	0.29697	3.92	4
95	3	0.967262	2905.11	2679.75	3054.96	0.396923	0.351613	3.94	4
96	4	0.984127	5275.39	5007.7	5561.39	0.520161	0.419087	3.62	3
97	1	0.960317	4720.55	4750.29	4599.66	0.797521	0.278261	4	3
98	2	0.985119	3246.58	3428.65	3085.55	0.471299	0.453416	2.38	4
99	3	0.964286	4281.51	4362.16	4201.54	0.502058	0.454545	1.88	3
100	4	0.972222	4298.55	4674.48	3995.57	0.444898	0.421277	4.88	3
101	1	0.992063	5327.79	5386.98	5268.59	0.5	0.408163	2.89	3
102	2	0.985119	3174.95	3120.19	3376.55	0.773414	0.329193	4.1	4
103	3	0.979167	2549.05	2200.53	2908.53	0.49848	0.0125786	1.17	4
104	4	0.996032	3734.62	3500.04	3912.65	0.438247	0.352227	4.47	3
105	1	0.973214	2701.15	2399.93	3025.68	0.51682	0.184713	2.12	4
106	2	0.984127	4495.84	4421.38	4561.71	0.467742	0.443983	1.62	3
