LeSaS1	Code = 95	
SubNo	Group(1=OptHighReward;2=OptLowReward)	Block_trial	Block	VarDist_cond	Run_number	Targ1_position	Targ2_position	Red_targ_digit	Blue_targ_digit	Response	Targ_Choice	Acc	OutcomeCond(0=inaccurate;1=lowReward;2=highReward)	OutcomeValue	Points	RT	Optimal_Choice	Repeat_Switch
95	1	1	0	1	1	40	5	5	3	5	1	1	NaN	0	0	5944	0	NaN
95	1	2	0	1	2	19	4	2	4	4	2	1	NaN	0	0	5726	1	2
95	1	3	0	1	3	26	50	2	5	2	1	1	NaN	0	0	2793	0	2
95	1	4	0	2	1	36	35	2	4	2	1	1	NaN	0	0	3335	1	1
95	1	5	0	2	2	29	46	4	5	4	1	1	NaN	0	0	4000	1	1
95	1	6	0	2	3	31	22	3	5	3	1	1	NaN	0	0	2540	1	1
95	1	7	0	2	4	42	48	4	2	4	1	1	NaN	0	0	4419	1	1
95	1	8	0	1	1	14	9	4	3	4	1	1	NaN	0	0	2667	0	1
95	1	9	0	1	2	23	53	5	2	5	1	1	NaN	0	0	2934	0	1
95	1	10	0	1	3	2	35	4	2	4	1	1	NaN	0	0	2932	0	1
95	1	1	1	1	1	35	7	2	5	2	1	1	1	2.800000e-01	2.800000e-01	4617	0	NaN
95	1	2	1	1	2	30	20	4	3	4	1	1	1	1.400000e-01	4.200000e-01	3732	0	1
95	1	3	1	1	3	48	15	5	2	5	1	1	1	3.500000e-01	7.700000e-01	3678	0	1
95	1	4	1	2	1	16	22	4	2	4	1	1	2	7.000000e-01	1.470000e+00	1887	1	1
95	1	5	1	2	2	6	31	4	2	4	1	1	2	5.300000e-01	2	3395	1	1
95	1	6	1	2	3	34	32	2	5	2	1	1	2	8.100000e-01	2.810000e+00	3339	1	1
95	1	7	1	2	4	24	5	3	5	3	1	1	2	8.100000e-01	3.620000e+00	1279	1	1
95	1	8	1	1	1	25	2	5	3	5	1	1	1	3.300000e-01	3.950000e+00	4289	0	1
95	1	9	1	1	2	2	33	4	5	4	1	1	1	3.700000e-01	4.320000e+00	6451	0	1
95	1	10	1	1	3	16	8	5	4	5	1	1	1	3.500000e-01	4.670000e+00	6128	0	1
95	1	11	1	1	4	14	27	5	3	5	1	1	1	3.100000e-01	4.980000e+00	2543	0	1
95	1	12	1	1	5	34	24	3	2	3	1	1	1	4.200000e-01	5.400000e+00	3328	0	1
95	1	13	1	1	6	11	13	3	5	3	1	1	1	2.600000e-01	5.660000e+00	1888	0	1
95	1	14	1	2	1	44	47	5	4	5	1	1	2	9.200000e-01	6.580000e+00	1234	1	1
95	1	15	1	2	2	54	6	4	2	4	1	1	2	6.500000e-01	7.230000e+00	3068	1	1
95	1	16	1	2	3	32	45	2	3	2	1	1	2	6.800000e-01	7.910000e+00	2306	1	1
95	1	17	1	2	4	21	8	4	2	4	1	1	2	7.900000e-01	8.700000e+00	1634	1	1
95	1	18	1	2	5	18	14	4	5	4	1	1	2	6.700000e-01	9.370000e+00	2210	1	1
95	1	19	1	2	6	46	10	4	3	4	1	1	2	6.600000e-01	1.003000e+01	3425	1	1
95	1	20	1	1	1	1	3	5	4	5	1	1	1	2.300000e-01	1.026000e+01	2369	0	1
95	1	21	1	1	2	52	28	3	2	3	1	1	1	3.700000e-01	1.063000e+01	8814	0	1
95	1	22	1	2	1	29	16	2	4	2	1	1	2	5.100000e-01	1.114000e+01	1512	1	1
95	1	23	1	1	1	42	45	4	5	4	1	1	1	4.200000e-01	1.156000e+01	2310	0	1
95	1	24	1	2	1	32	48	5	3	5	1	1	2	8.600000e-01	1.242000e+01	2070	1	1
95	1	25	1	2	2	21	13	3	4	3	1	1	2	5.900000e-01	1.301000e+01	4336	1	1
95	1	26	1	1	1	27	36	2	5	2	1	1	1	4.300000e-01	1.344000e+01	2452	0	1
95	1	27	1	1	2	13	10	5	4	5	1	1	1	4.800000e-01	1.392000e+01	3731	0	1
95	1	28	1	1	3	13	51	4	3	4	1	1	1	1.500000e-01	1.407000e+01	4419	0	1
95	1	29	1	1	4	15	8	4	5	4	1	1	1	1.600000e-01	1.423000e+01	3089	0	1
95	1	30	1	1	5	3	48	3	5	3	1	1	1	4.000000e-01	1.463000e+01	4161	0	1
95	1	31	1	2	1	53	10	2	3	2	1	1	2	6.200000e-01	1.525000e+01	1682	1	1
95	1	32	1	2	2	29	12	2	3	3	2	1	1	4.100000e-01	1.566000e+01	1746	0	2
95	1	33	1	2	3	13	10	3	5	3	1	1	2	7.600000e-01	1.642000e+01	8034	1	2
95	1	34	1	1	1	22	5	3	2	3	1	1	1	4.200000e-01	1.684000e+01	2098	0	1
95	1	35	1	1	2	4	15	5	4	5	1	1	1	4.900000e-01	1.733000e+01	2851	0	1
95	1	36	1	1	3	34	47	2	4	2	1	1	1	4.100000e-01	1.774000e+01	2599	0	1
95	1	37	1	1	4	41	17	2	5	2	1	1	1	4.700000e-01	1.821000e+01	3525	0	1
95	1	38	1	2	1	5	52	4	3	4	1	1	2	5.300000e-01	1.874000e+01	2112	1	1
95	1	39	1	2	2	1	48	4	3	4	1	1	2	6.600000e-01	1.940000e+01	2127	1	1
95	1	40	1	2	3	52	54	2	4	2	1	1	2	6.500000e-01	2.005000e+01	1511	1	1
95	1	41	1	2	4	29	3	5	3	5	1	1	2	4.800000e-01	2.053000e+01	3764	1	1
95	1	42	1	2	5	29	11	3	4	3	1	1	2	7.000000e-01	2.123000e+01	1841	1	1
95	1	43	1	1	1	11	15	4	5	4	1	1	1	2.100000e-01	2.144000e+01	11849	0	1
95	1	44	1	1	2	45	46	3	5	3	1	1	1	5.000000e-01	2.194000e+01	1634	0	1
95	1	45	1	1	3	12	10	5	4	5	1	1	1	2.400000e-01	2.218000e+01	2804	0	1
95	1	46	1	1	4	31	35	3	4	3	1	1	1	4.000000e-01	2.258000e+01	4864	0	1
95	1	47	1	1	5	54	1	4	5	5	2	1	2	6.900000e-01	2.327000e+01	3887	1	2
95	1	48	1	2	1	24	42	5	2	5	1	1	2	5.600000e-01	2.383000e+01	1235	1	2
95	1	49	1	1	1	51	39	3	2	2	2	1	2	4.100000e-01	2.424000e+01	3767	1	2
95	1	50	1	1	2	49	13	3	2	2	2	1	2	6.600000e-01	2.490000e+01	2432	1	1
95	1	51	1	2	1	34	5	2	4	2	1	1	2	5.500000e-01	2.545000e+01	2401	1	2
95	1	52	1	2	2	43	39	2	3	2	1	1	2	7.400000e-01	2.619000e+01	3200	1	1
95	1	53	1	2	3	19	15	4	5	4	1	1	2	7.300000e-01	2.692000e+01	3200	1	1
95	1	54	1	2	4	45	39	3	2	3	1	1	2	8.700000e-01	2.779000e+01	4754	1	1
95	1	55	1	2	5	28	11	4	2	4	1	1	2	7.400000e-01	2.853000e+01	1444	1	1
95	1	56	1	2	6	28	27	4	2	4	1	1	2	5.900000e-01	2.912000e+01	1153	1	1
95	1	57	1	1	1	5	12	5	2	2	2	1	2	7.100000e-01	2.983000e+01	2739	1	2
95	1	58	1	2	1	52	24	3	4	3	1	1	2	5.500000e-01	3.038000e+01	2944	1	2
95	1	59	1	2	2	41	37	5	3	5	1	1	2	6.600000e-01	3.104000e+01	2976	1	1
95	1	60	1	2	3	11	24	2	4	2	1	1	2	6.600000e-01	3.170000e+01	2593	1	1
95	1	61	1	1	1	28	23	3	4	4	2	1	2	6.700000e-01	3.237000e+01	5474	1	2
95	1	62	1	1	2	34	50	5	2	2	2	1	2	6.300000e-01	33	1474	1	1
95	1	63	1	1	3	20	41	2	4	4	2	1	2	8.000000e-01	3.380000e+01	2355	1	1
95	1	64	1	2	1	54	35	3	4	3	1	1	2	4.500000e-01	3.425000e+01	2907	1	2
95	1	65	1	2	2	32	17	5	4	5	1	1	2	7.200000e-01	3.497000e+01	2608	1	1
95	1	66	1	2	3	42	19	4	3	4	1	1	2	7.700000e-01	3.574000e+01	3473	1	1
95	1	67	1	2	4	27	47	2	5	2	1	1	2	7.500000e-01	3.649000e+01	1295	1	1
95	1	68	1	2	5	16	54	5	3	5	1	1	2	7.400000e-01	3.723000e+01	1560	1	1
95	1	69	1	1	1	38	14	5	2	2	2	1	2	6.700000e-01	3.790000e+01	1640	1	2
95	1	70	1	1	2	30	31	5	2	2	2	1	2	7.500000e-01	3.865000e+01	2706	1	1
95	1	71	1	1	3	41	22	2	3	3	2	1	2	7.300000e-01	3.938000e+01	2257	1	1
95	1	72	1	1	4	31	35	3	4	4	2	1	2	6.400000e-01	4.002000e+01	2579	1	1
95	1	73	1	1	5	32	36	2	3	4	0	0	0	0	4.002000e+01	2771	NaN	NaN
95	1	74	1	1	6	13	36	3	5	5	2	1	2	6.200000e-01	4.064000e+01	2396	1	NaN
95	1	75	1	2	1	23	8	3	2	3	1	1	2	6.300000e-01	4.127000e+01	4116	1	2
95	1	76	1	2	2	18	45	5	3	5	1	1	2	4.900000e-01	4.176000e+01	2789	1	1
95	1	77	1	2	3	12	27	2	5	2	1	1	2	6.400000e-01	4.240000e+01	1586	1	1
95	1	78	1	2	4	9	42	4	3	4	1	1	2	6.800000e-01	4.308000e+01	1363	1	1
95	1	79	1	1	1	20	49	2	3	3	2	1	2	7.000000e-01	4.378000e+01	2148	1	2
95	1	80	1	1	2	5	48	3	5	5	2	1	2	8.400000e-01	4.462000e+01	1746	1	1
95	1	81	1	1	3	27	33	4	2	2	2	1	2	6.300000e-01	4.525000e+01	2756	1	1
95	1	82	1	1	4	38	53	2	5	5	2	1	2	7.400000e-01	4.599000e+01	3475	1	1
95	1	83	1	2	1	41	53	2	4	2	1	1	2	7.600000e-01	4.675000e+01	5282	1	2
95	1	84	1	2	2	20	2	5	2	5	1	1	2	7.800000e-01	4.753000e+01	2803	1	1
95	1	1	2	1	1	39	7	5	3	3	2	1	2	5.500000e-01	4.808000e+01	2499	1	NaN
95	1	2	2	1	2	20	36	4	5	5	2	1	2	6.900000e-01	4.877000e+01	2481	1	1
95	1	3	2	1	3	45	18	4	2	2	2	1	2	7.000000e-01	4.947000e+01	1924	1	1
95	1	4	2	2	1	1	42	4	2	4	1	1	2	5.500000e-01	5.002000e+01	3411	1	2
95	1	5	2	2	2	45	26	4	3	4	1	1	2	5.800000e-01	5.060000e+01	1922	1	1
95	1	6	2	1	1	21	27	2	5	5	2	1	2	7.900000e-01	5.139000e+01	4868	1	2
95	1	7	2	1	2	28	54	3	4	4	2	1	2	6.500000e-01	5.204000e+01	3060	1	1
95	1	8	2	1	3	21	19	3	5	5	2	1	2	7.100000e-01	5.275000e+01	3443	1	1
95	1	9	2	1	4	11	10	2	3	3	2	1	2	6.800000e-01	5.343000e+01	2148	1	1
95	1	10	2	1	5	29	4	5	2	2	2	1	2	5.900000e-01	5.402000e+01	878	1	1
95	1	11	2	1	6	34	47	5	2	2	2	1	2	6.000000e-01	5.462000e+01	941	1	1
95	1	12	2	2	1	42	18	5	4	5	1	1	2	7.200000e-01	5.534000e+01	2929	1	2
95	1	13	2	2	2	47	45	5	3	3	2	1	1	2.200000e-01	5.556000e+01	2353	0	2
95	1	14	2	2	3	11	23	4	3	3	2	1	1	4.300000e-01	5.599000e+01	1443	0	1
95	1	15	2	2	4	18	6	2	3	5	0	0	0	0	5.599000e+01	1424	NaN	NaN
95	1	16	2	2	5	11	33	5	3	3	2	1	1	4.000000e-01	5.639000e+01	3362	0	NaN
95	1	17	2	1	1	20	47	3	2	2	2	1	2	5.700000e-01	5.696000e+01	942	1	1
95	1	18	2	2	1	3	30	2	3	3	2	1	1	3.000000e-01	5.726000e+01	2339	0	1
95	1	19	2	1	1	14	45	5	4	4	2	1	2	5.300000e-01	5.779000e+01	4908	1	1
95	1	20	2	1	2	25	48	3	4	4	2	1	2	4.100000e-01	5.820000e+01	1203	1	1
95	1	21	2	1	3	16	41	4	2	2	2	1	2	7.800000e-01	5.898000e+01	2879	1	1
95	1	22	2	1	4	48	6	5	4	4	2	1	2	6.100000e-01	5.959000e+01	2977	1	1
95	1	23	2	1	5	2	53	2	3	3	2	1	2	7.100000e-01	6.030000e+01	2338	1	1
95	1	24	2	2	1	43	17	2	4	2	1	1	2	6.900000e-01	6.099000e+01	2627	1	2
95	1	25	2	2	2	45	49	3	4	3	1	1	2	6.700000e-01	6.166000e+01	1554	1	1
95	1	26	2	2	3	6	40	3	5	3	1	1	2	5.500000e-01	6.221000e+01	3106	1	1
95	1	27	2	1	1	8	40	5	4	5	1	1	1	2.200000e-01	6.243000e+01	1252	0	1
95	1	28	2	1	2	28	8	2	4	2	1	1	1	2.900000e-01	6.272000e+01	3266	0	1
95	1	29	2	2	1	39	43	3	5	3	1	1	2	5.300000e-01	6.325000e+01	2061	1	1
95	1	30	2	2	2	37	4	3	4	3	1	1	2	5.400000e-01	6.379000e+01	2084	1	1
95	1	31	2	2	3	4	20	5	3	5	1	1	2	8.400000e-01	6.463000e+01	2994	1	1
95	1	32	2	2	4	49	53	5	3	5	1	1	2	6.700000e-01	6.530000e+01	3042	1	1
95	1	33	2	1	1	4	13	4	2	4	1	1	1	1.900000e-01	6.549000e+01	4758	0	1
95	1	34	2	1	2	50	24	5	2	5	1	1	1	3.300000e-01	6.582000e+01	3441	0	1
95	1	35	2	1	3	33	21	2	4	4	2	1	2	5.300000e-01	6.635000e+01	2993	1	2
95	1	36	2	1	4	54	47	2	4	4	2	1	2	5.100000e-01	6.686000e+01	3013	1	1
95	1	37	2	2	1	45	35	5	2	5	1	1	2	6.400000e-01	6.750000e+01	1269	1	2
95	1	38	2	2	2	46	21	3	2	3	1	1	2	7.800000e-01	6.828000e+01	1244	1	1
95	1	39	2	2	3	20	53	3	4	3	1	1	2	6.800000e-01	6.896000e+01	1552	1	1
95	1	40	2	2	4	25	45	2	5	2	1	1	2	7.400000e-01	6.970000e+01	1345	1	1
95	1	41	2	2	5	16	39	5	4	5	1	1	2	5.300000e-01	7.023000e+01	2305	1	1
95	1	42	2	2	6	46	6	2	3	2	1	1	2	6.100000e-01	7.084000e+01	1090	1	1
95	1	43	2	1	1	2	15	2	5	5	2	1	2	6.400000e-01	7.148000e+01	4370	1	2
95	1	44	2	2	1	37	22	2	4	2	1	1	2	5.200000e-01	7.200000e+01	3442	1	2
95	1	45	2	2	2	4	15	4	5	4	1	1	2	5.100000e-01	7.251000e+01	3605	1	1
95	1	46	2	2	3	42	39	3	5	3	1	1	2	7.800000e-01	7.329000e+01	1633	1	1
95	1	47	2	2	4	13	43	5	2	5	1	1	2	6.700000e-01	7.396000e+01	2614	1	1
95	1	48	2	2	5	17	27	3	2	3	1	1	2	5.900000e-01	7.455000e+01	1522	1	1
95	1	49	2	2	6	6	21	5	4	5	1	1	2	7.600000e-01	7.531000e+01	1170	1	1
95	1	50	2	1	1	29	10	4	5	5	2	1	2	6.900000e-01	76	4259	1	2
95	1	51	2	1	2	2	29	2	4	2	1	1	1	2.200000e-01	7.622000e+01	2182	0	2
95	1	52	2	1	3	44	16	2	5	2	1	1	1	4.900000e-01	7.671000e+01	1587	0	1
95	1	53	2	2	1	36	39	2	3	2	1	1	2	7.000000e-01	7.741000e+01	2193	1	1
95	1	54	2	1	1	20	11	3	2	2	2	1	2	8.400000e-01	7.825000e+01	2232	1	2
95	1	55	2	1	2	13	20	5	2	2	2	1	2	8.000000e-01	7.905000e+01	1394	1	1
95	1	56	2	2	1	15	17	2	3	2	1	1	2	5.900000e-01	7.964000e+01	1896	1	2
95	1	57	2	2	2	8	37	3	2	3	1	1	2	5.100000e-01	8.015000e+01	1089	1	1
95	1	58	2	1	1	52	20	3	4	4	2	1	2	6.600000e-01	8.081000e+01	2044	1	2
95	1	59	2	1	2	17	14	2	5	5	2	1	2	6.300000e-01	8.144000e+01	2130	1	1
95	1	60	2	1	3	31	19	4	5	5	2	1	2	5.700000e-01	8.201000e+01	1762	1	1
95	1	61	2	1	4	38	5	4	2	2	2	1	2	7.300000e-01	8.274000e+01	1606	1	1
95	1	62	2	1	5	8	1	3	2	3	1	1	1	5.100000e-01	8.325000e+01	913	0	2
95	1	63	2	1	6	54	29	5	3	3	2	1	2	6.000000e-01	8.385000e+01	1667	1	2
95	1	64	2	2	1	35	28	3	4	3	1	1	2	5.700000e-01	8.442000e+01	2305	1	2
95	1	65	2	2	2	47	25	5	2	5	1	1	2	6.400000e-01	8.506000e+01	4187	1	1
95	1	66	2	2	3	25	23	3	2	3	1	1	2	7.500000e-01	8.581000e+01	1059	1	1
95	1	67	2	1	1	42	54	2	5	5	2	1	2	5.700000e-01	8.638000e+01	3843	1	2
95	1	68	2	1	2	13	22	4	5	4	1	1	1	1.900000e-01	8.657000e+01	3432	0	2
95	1	69	2	1	3	25	34	4	3	4	1	1	1	3.200000e-01	8.689000e+01	1248	0	1
95	1	70	2	1	4	22	17	4	3	4	1	1	1	3.300000e-01	8.722000e+01	1393	0	1
95	1	71	2	2	1	7	20	5	3	5	1	1	2	7.200000e-01	8.794000e+01	996	1	1
95	1	72	2	2	2	15	27	3	5	3	1	1	2	6.000000e-01	8.854000e+01	1682	1	1
95	1	73	2	2	3	3	44	2	4	2	1	1	2	6.500000e-01	8.919000e+01	2290	1	1
95	1	74	2	2	4	52	39	4	3	4	1	1	2	6.200000e-01	8.981000e+01	1571	1	1
95	1	75	2	2	5	20	14	4	5	4	1	1	2	6.600000e-01	9.047000e+01	2033	1	1
95	1	76	2	1	1	46	49	2	5	2	1	1	1	5.100000e-01	9.098000e+01	897	0	1
95	1	77	2	1	2	47	25	4	2	4	1	1	1	2.600000e-01	9.124000e+01	818	0	1
95	1	78	2	1	3	52	49	4	5	5	2	1	2	5.100000e-01	9.175000e+01	4543	1	2
95	1	79	2	1	4	8	34	3	5	3	1	1	1	3.900000e-01	9.214000e+01	1264	0	2
95	1	80	2	1	5	35	16	3	5	5	2	1	2	5.600000e-01	9.270000e+01	3505	1	2
95	1	81	2	2	1	54	26	4	2	4	1	1	2	6.700000e-01	9.337000e+01	3348	1	2
95	1	82	2	2	2	19	22	5	4	5	1	1	2	5.900000e-01	9.396000e+01	2514	1	1
95	1	83	2	2	3	47	7	4	3	4	1	1	2	7.300000e-01	9.469000e+01	1092	1	1
95	1	84	2	2	4	1	51	4	3	4	1	1	2	7.300000e-01	9.542000e+01	1778	1	1
95	1	1	3	2	1	41	24	3	2	3	1	1	2	6.400000e-01	9.606000e+01	2452	1	NaN
95	1	2	3	1	1	19	39	5	3	5	1	1	1	9.000000e-02	9.615000e+01	1984	0	1
95	1	3	3	2	1	2	52	2	5	2	1	1	2	6.800000e-01	9.683000e+01	1810	1	1
95	1	4	3	2	2	37	7	3	2	3	1	1	2	8.500000e-01	9.768000e+01	2305	1	1
95	1	5	3	2	3	11	12	2	3	2	1	1	2	7.900000e-01	9.847000e+01	1922	1	1
95	1	6	3	1	1	8	19	5	2	5	1	1	1	1.500000e-01	9.862000e+01	810	0	1
95	1	7	3	1	2	4	5	4	5	4	1	1	1	3.200000e-01	9.894000e+01	1942	0	1
95	1	8	3	1	3	24	53	3	5	2	0	0	0	0	9.894000e+01	866	NaN	NaN
95	1	9	3	1	4	50	16	3	4	4	2	1	2	5.900000e-01	9.953000e+01	6564	1	NaN
95	1	10	3	1	5	15	46	2	5	2	1	1	1	2.100000e-01	9.974000e+01	4104	0	2
95	1	11	3	2	1	2	9	2	5	2	1	1	2	5.200000e-01	1.002600e+02	2779	1	1
95	1	12	3	2	2	33	38	5	3	5	1	1	2	7.000000e-01	1.009600e+02	2962	1	1
95	1	13	3	2	3	30	8	4	2	4	1	1	2	6.200000e-01	1.015800e+02	2877	1	1
95	1	14	3	2	4	53	24	4	5	4	1	1	2	6.700000e-01	1.022500e+02	3059	1	1
95	1	15	3	1	1	17	5	5	3	5	1	1	1	2.900000e-01	1.025400e+02	5024	0	1
95	1	16	3	1	2	53	7	4	3	2	0	0	0	0	1.025400e+02	1471	NaN	NaN
95	1	17	3	2	1	11	15	3	4	3	1	1	2	6.100000e-01	1.031500e+02	1107	1	NaN
95	1	18	3	2	2	16	32	3	4	3	1	1	2	7.100000e-01	1.038600e+02	2296	1	1
95	1	19	3	1	1	46	22	3	4	3	1	1	1	4.200000e-01	1.042800e+02	1908	0	1
95	1	20	3	1	2	15	50	2	3	2	1	1	1	5.800000e-01	1.048600e+02	3041	0	1
95	1	21	3	1	3	10	50	3	5	3	1	1	1	1.700000e-01	1.050300e+02	3715	0	1
95	1	22	3	1	4	24	10	3	5	3	1	1	1	2.100000e-01	1.052400e+02	1082	0	1
95	1	23	3	2	1	54	28	2	3	2	1	1	2	7.900000e-01	1.060300e+02	3113	1	1
95	1	24	3	2	2	10	7	3	4	4	2	1	1	2.900000e-01	1.063200e+02	403	0	2
95	1	25	3	2	3	3	9	2	4	3	0	0	0	0	1.063200e+02	339	NaN	NaN
95	1	26	3	2	4	10	44	5	2	5	1	1	2	5.000000e-01	1.068200e+02	3074	1	NaN
95	1	27	3	2	5	44	47	3	2	3	1	1	2	7.000000e-01	1.075200e+02	1298	1	1
95	1	28	3	2	6	3	24	3	2	3	1	1	2	8.500000e-01	1.083700e+02	2322	1	1
95	1	29	3	1	1	8	49	5	2	5	1	1	1	4.200000e-01	1.087900e+02	6850	0	1
95	1	30	3	1	2	8	2	2	3	3	2	1	2	9.000000e-01	1.096900e+02	1654	1	2
95	1	31	3	1	3	8	18	2	5	5	2	1	2	7.300000e-01	1.104200e+02	1254	1	1
95	1	32	3	1	4	15	40	5	4	4	2	1	2	8.900000e-01	1.113100e+02	2428	1	1
95	1	33	3	1	5	42	54	2	4	4	2	1	2	6.300000e-01	1.119400e+02	5601	1	1
95	1	34	3	1	6	24	37	3	5	5	2	1	2	5.300000e-01	1.124700e+02	2338	1	1
95	1	35	3	2	1	51	54	3	5	3	1	1	2	6.400000e-01	1.131100e+02	2907	1	2
95	1	36	3	2	2	35	42	3	2	3	1	1	2	8.100000e-01	1.139200e+02	2038	1	1
95	1	37	3	2	3	14	5	5	2	5	1	1	2	5.400000e-01	1.144600e+02	5366	1	1
95	1	38	3	2	4	35	11	5	3	5	1	1	2	7.400000e-01	1.152000e+02	2399	1	1
95	1	39	3	2	5	42	13	5	4	5	1	1	2	6.000000e-01	1.158000e+02	5406	1	1
95	1	40	3	1	1	28	20	4	2	2	2	1	2	7.300000e-01	1.165300e+02	2115	1	2
95	1	41	3	1	2	51	50	4	2	2	2	1	2	5.400000e-01	1.170700e+02	3155	1	1
95	1	42	3	1	3	30	51	5	3	3	2	1	2	6.800000e-01	1.177500e+02	3050	1	1
95	1	43	3	2	1	29	52	3	5	3	1	1	2	4.300000e-01	1.181800e+02	2181	1	2
95	1	44	3	2	2	43	10	2	4	2	1	1	2	6.100000e-01	1.187900e+02	3906	1	1
95	1	45	3	2	3	32	34	3	4	3	1	1	2	7.200000e-01	1.195100e+02	2645	1	1
95	1	46	3	2	4	32	31	4	3	4	1	1	2	6.300000e-01	1.201400e+02	3155	1	1
95	1	47	3	2	5	50	32	4	5	4	1	1	2	8.100000e-01	1.209500e+02	1765	1	1
95	1	48	3	2	6	54	27	4	2	4	1	1	2	5.900000e-01	1.215400e+02	2708	1	1
95	1	49	3	1	1	54	51	2	4	4	2	1	2	3.900000e-01	1.219300e+02	2322	1	2
95	1	50	3	1	2	5	43	4	2	2	2	1	2	5.200000e-01	1.224500e+02	1123	1	1
95	1	51	3	1	3	9	40	2	3	2	1	1	1	4.600000e-01	1.229100e+02	867	0	2
95	1	52	3	1	4	29	32	5	2	2	2	1	2	6.500000e-01	1.235600e+02	2432	1	2
95	1	53	3	1	5	42	15	4	3	3	2	1	2	7.100000e-01	1.242700e+02	2293	1	1
95	1	54	3	1	6	28	49	4	3	3	2	1	2	7.800000e-01	1.250500e+02	1764	1	1
95	1	55	3	2	1	32	3	5	2	5	1	1	2	4.200000e-01	1.254700e+02	3153	1	2
95	1	56	3	1	1	2	7	2	3	2	1	1	1	2.600000e-01	1.257300e+02	2772	0	1
95	1	57	3	1	2	47	27	2	5	2	1	1	1	2.500000e-01	1.259800e+02	1045	0	1
95	1	58	3	2	1	19	31	5	4	5	1	1	2	5.500000e-01	1.265300e+02	1571	1	1
95	1	59	3	2	2	1	43	5	4	5	1	1	2	6.500000e-01	1.271800e+02	1747	1	1
95	1	60	3	2	3	30	6	5	4	5	1	1	2	8.500000e-01	1.280300e+02	1441	1	1
95	1	61	3	2	4	52	29	2	3	2	1	1	2	6.600000e-01	1.286900e+02	2020	1	1
95	1	62	3	2	5	45	49	2	4	2	1	1	2	8.100000e-01	1.295000e+02	963	1	1
95	1	63	3	1	1	19	48	4	2	4	1	1	1	2.500000e-01	1.297500e+02	4629	0	1
95	1	64	3	1	2	32	30	4	3	3	2	1	2	6.700000e-01	1.304200e+02	8148	1	2
95	1	65	3	1	3	5	21	2	4	4	2	1	2	5.700000e-01	1.309900e+02	2596	1	1
95	1	66	3	1	4	36	47	4	5	4	1	1	1	4.000000e-01	1.313900e+02	3652	0	2
95	1	67	3	2	1	15	10	4	5	4	1	1	2	6.400000e-01	1.320300e+02	2755	1	1
95	1	68	3	2	2	2	44	4	3	4	1	1	2	7.200000e-01	1.327500e+02	1719	1	1
95	1	69	3	2	3	48	35	4	5	4	1	1	2	7.500000e-01	1.335000e+02	883	1	1
95	1	70	3	1	1	4	8	5	2	5	1	1	1	3.200000e-01	1.338200e+02	3846	0	1
95	1	71	3	1	2	23	14	3	4	3	1	1	1	4.400000e-01	1.342600e+02	1235	0	1
95	1	72	3	1	3	36	6	2	5	2	1	1	1	6.100000e-01	1.348700e+02	3604	0	1
95	1	73	3	1	4	12	51	5	4	5	1	1	1	3.900000e-01	1.352600e+02	2931	0	1
95	1	74	3	1	5	3	48	4	2	4	1	1	1	3.300000e-01	1.355900e+02	2737	0	1
95	1	75	3	2	1	34	42	3	2	4	0	0	0	0	1.355900e+02	2932	NaN	NaN
95	1	76	3	2	2	3	30	4	5	4	1	1	2	7.700000e-01	1.363600e+02	2304	1	NaN
95	1	77	3	2	3	18	11	5	3	5	1	1	2	6.700000e-01	1.370300e+02	2734	1	1
95	1	78	3	2	4	41	12	4	3	4	1	1	2	5.400000e-01	1.375700e+02	3299	1	1
95	1	79	3	1	1	43	10	3	2	3	1	1	1	3.900000e-01	1.379600e+02	1553	0	1
95	1	80	3	2	1	25	30	2	4	2	1	1	2	6.700000e-01	1.386300e+02	787	1	1
95	1	81	3	2	2	45	7	5	4	5	1	1	2	6.300000e-01	1.392600e+02	1352	1	1
95	1	82	3	1	1	43	35	5	3	5	1	1	1	4.800000e-01	1.397400e+02	1153	0	1
95	1	83	3	1	2	54	34	3	5	3	1	1	1	5.500000e-01	1.402900e+02	3622	0	1
95	1	84	3	1	3	37	8	2	5	5	2	1	2	6.100000e-01	1.409000e+02	2993	1	2
95	1	1	4	1	1	42	1	3	4	4	2	1	2	6.800000e-01	1.415800e+02	2193	1	NaN
95	1	2	4	1	2	35	40	4	5	5	2	1	2	5.700000e-01	1.421500e+02	3162	1	1
95	1	3	4	1	3	51	13	5	2	2	2	1	2	7.500000e-01	1.429000e+02	1844	1	1
95	1	4	4	2	1	54	23	5	4	5	1	1	2	3.900000e-01	1.432900e+02	3332	1	2
95	1	5	4	2	2	34	48	2	4	2	1	1	2	7.800000e-01	1.440700e+02	1792	1	1
95	1	6	4	2	3	13	33	2	5	2	1	1	2	6.900000e-01	1.447600e+02	1890	1	1
95	1	7	4	2	4	6	45	2	3	2	1	1	2	7.000000e-01	1.454600e+02	907	1	1
95	1	8	4	1	1	40	28	4	3	3	2	1	2	8.100000e-01	1.462700e+02	3098	1	2
95	1	9	4	1	2	20	30	3	4	3	1	1	1	3.000000e-01	1.465700e+02	1696	0	2
95	1	10	4	1	3	7	29	4	5	4	1	1	1	3.200000e-01	1.468900e+02	1099	0	1
95	1	11	4	1	4	29	1	5	3	3	2	1	2	5.200000e-01	1.474100e+02	2723	1	2
95	1	12	4	1	5	23	17	4	2	2	2	1	2	4.700000e-01	1.478800e+02	2238	1	1
95	1	13	4	1	6	9	39	3	5	5	2	1	2	5.800000e-01	1.484600e+02	1814	1	1
95	1	14	4	2	1	15	4	5	3	5	1	1	2	7.000000e-01	1.491600e+02	2018	1	2
95	1	15	4	2	2	37	33	5	3	5	1	1	2	6.000000e-01	1.497600e+02	1586	1	1
95	1	16	4	2	3	53	54	4	2	4	1	1	2	5.100000e-01	1.502700e+02	2964	1	1
95	1	17	4	2	4	18	53	3	4	3	1	1	2	7.900000e-01	1.510600e+02	2547	1	1
95	1	18	4	2	5	44	17	4	3	4	1	1	2	5.800000e-01	1.516400e+02	1647	1	1
95	1	19	4	2	6	49	14	2	3	2	1	1	2	6.700000e-01	1.523100e+02	1154	1	1
95	1	20	4	1	1	21	8	2	5	2	1	1	1	3.300000e-01	1.526400e+02	1087	0	1
95	1	21	4	1	2	46	23	5	4	5	1	1	1	3.000000e-01	1.529400e+02	1328	0	1
95	1	22	4	2	1	50	22	3	5	3	1	1	2	7.100000e-01	1.536500e+02	1683	1	1
95	1	23	4	1	1	39	42	5	2	2	2	1	2	6.400000e-01	1.542900e+02	1682	1	2
95	1	24	4	2	1	38	12	4	3	4	1	1	2	4.700000e-01	1.547600e+02	3167	1	2
95	1	25	4	2	2	39	17	5	4	5	1	1	2	5.500000e-01	1.553100e+02	2482	1	1
95	1	26	4	1	1	54	23	4	5	4	1	1	1	3.600000e-01	1.556700e+02	3824	0	1
95	1	27	4	1	2	16	32	4	5	4	1	1	1	1.800000e-01	1.558500e+02	3774	0	1
95	1	28	4	1	3	27	8	2	3	2	1	1	1	2.900000e-01	1.561400e+02	1488	0	1
95	1	29	4	1	4	31	36	3	4	3	1	1	1	2.200000e-01	1.563600e+02	2882	0	1
95	1	30	4	1	5	33	22	3	2	3	1	1	1	1.900000e-01	1.565500e+02	5426	0	1
95	1	31	4	2	1	54	19	3	5	3	1	1	2	5.500000e-01	1.571000e+02	2546	1	1
95	1	32	4	2	2	3	21	3	4	3	1	1	2	6.200000e-01	1.577200e+02	3298	1	1
95	1	33	4	2	3	1	45	4	2	4	1	1	2	6.900000e-01	1.584100e+02	3233	1	1
95	1	34	4	1	1	43	4	5	2	5	1	1	1	3.200000e-01	1.587300e+02	1173	0	1
95	1	35	4	1	2	37	34	4	5	5	2	1	2	7.900000e-01	1.595200e+02	2383	1	2
95	1	36	4	1	3	39	41	4	3	4	1	1	1	3.000000e-01	1.598200e+02	4403	0	2
95	1	37	4	1	4	34	32	5	4	4	2	1	2	4.900000e-01	1.603100e+02	2512	1	2
95	1	38	4	2	1	29	11	2	5	2	1	1	2	6.700000e-01	1.609800e+02	3105	1	2
95	1	39	4	2	2	10	15	4	3	4	1	1	2	6.800000e-01	1.616600e+02	3012	1	1
95	1	40	4	2	3	49	25	3	2	4	0	0	0	0	1.616600e+02	1761	NaN	NaN
95	1	41	4	2	4	2	20	2	4	2	1	1	2	7.000000e-01	1.623600e+02	2385	1	NaN
95	1	42	4	2	5	15	26	3	2	3	1	1	2	7.300000e-01	1.630900e+02	3676	1	1
95	1	43	4	1	1	4	21	4	5	4	1	1	1	4.800000e-01	1.635700e+02	3842	0	1
95	1	44	4	1	2	18	10	2	4	2	1	1	1	2.700000e-01	1.638400e+02	3652	0	1
95	1	45	4	1	3	53	18	4	2	4	1	1	1	3.600000e-01	1.642000e+02	3682	0	1
95	1	46	4	1	4	51	33	5	2	2	2	1	2	6.700000e-01	1.648700e+02	8287	1	2
95	1	47	4	1	5	25	13	5	4	4	2	1	2	6.000000e-01	1.654700e+02	2426	1	1
95	1	48	4	2	1	27	48	2	4	2	1	1	2	9.200000e-01	1.663900e+02	2818	1	2
95	1	49	4	1	1	40	22	5	2	5	1	1	1	3.000000e-01	1.666900e+02	1887	0	1
95	1	50	4	1	2	39	3	4	3	4	1	1	1	1.700000e-01	1.668600e+02	2065	0	1
95	1	51	4	2	1	20	2	2	5	2	1	1	2	8.800000e-01	1.677400e+02	3265	1	1
95	1	52	4	2	2	23	27	4	5	4	1	1	2	7.100000e-01	1.684500e+02	849	1	1
95	1	53	4	2	3	16	46	2	5	2	1	1	2	5.400000e-01	1.689900e+02	1600	1	1
95	1	54	4	2	4	1	27	3	5	3	1	1	2	7.400000e-01	1.697300e+02	2129	1	1
95	1	55	4	2	5	24	12	5	2	5	1	1	2	8.200000e-01	1.705500e+02	3316	1	1
95	1	56	4	2	6	29	19	2	3	2	1	1	2	5.600000e-01	1.711100e+02	2301	1	1
95	1	57	4	1	1	17	32	5	4	4	2	1	2	6.800000e-01	1.717900e+02	2323	1	2
95	1	58	4	2	1	1	11	3	5	2	0	0	0	0	1.717900e+02	3043	NaN	NaN
95	1	59	4	2	2	27	3	5	2	5	1	1	2	6.500000e-01	1.724400e+02	2465	1	NaN
95	1	60	4	2	3	25	45	4	3	4	1	1	2	5.300000e-01	1.729700e+02	1091	1	1
95	1	61	4	1	1	13	49	2	5	5	2	1	2	8.100000e-01	1.737800e+02	2834	1	2
95	1	62	4	1	2	9	15	2	3	3	2	1	2	6.700000e-01	1.744500e+02	2243	1	1
95	1	63	4	1	3	54	31	2	3	3	2	1	2	7.300000e-01	1.751800e+02	3312	1	1
95	1	64	4	2	1	20	8	3	2	2	2	1	1	2.500000e-01	1.754300e+02	2018	0	1
95	1	65	4	2	2	31	33	3	2	3	1	1	2	5.900000e-01	1.760200e+02	2961	1	2
95	1	66	4	2	3	28	16	5	3	5	1	1	2	7.000000e-01	1.767200e+02	1236	1	1
95	1	67	4	2	4	37	8	5	4	5	1	1	2	6.800000e-01	1.774000e+02	1970	1	1
95	1	68	4	2	5	2	39	3	2	3	1	1	2	8.800000e-01	1.782800e+02	1329	1	1
95	1	69	4	1	1	6	39	2	4	2	1	1	1	3.000000e-01	1.785800e+02	2412	0	1
95	1	70	4	1	2	44	48	5	3	5	1	1	1	5.900000e-01	1.791700e+02	1551	0	1
95	1	71	4	1	3	1	35	3	4	3	1	1	1	5.100000e-01	1.796800e+02	3539	0	1
95	1	72	4	1	4	45	31	5	3	5	1	1	1	1.000000e-01	1.797800e+02	1138	0	1
95	1	73	4	1	5	4	41	5	3	5	1	1	1	1.300000e-01	1.799100e+02	3056	0	1
95	1	74	4	1	6	40	31	2	3	3	2	1	2	6.000000e-01	1.805100e+02	4611	1	2
95	1	75	4	2	1	4	12	3	2	3	1	1	2	6.500000e-01	1.811600e+02	1756	1	2
95	1	76	4	2	2	18	3	3	5	3	1	1	2	6.700000e-01	1.818300e+02	1858	1	1
95	1	77	4	2	3	14	17	3	5	3	1	1	2	7.700000e-01	1.826000e+02	2497	1	1
95	1	78	4	2	4	9	52	2	5	2	1	1	2	5.800000e-01	1.831800e+02	866	1	1
95	1	79	4	1	1	25	51	2	4	2	1	1	1	2.500000e-01	1.834300e+02	1218	0	1
95	1	80	4	1	2	50	53	4	2	4	1	1	1	3.100000e-01	1.837400e+02	4608	0	1
95	1	81	4	1	3	18	35	2	4	5	0	0	0	0	1.837400e+02	1571	NaN	NaN
95	1	82	4	1	4	16	11	3	4	4	2	1	2	6.600000e-01	1.844000e+02	5847	1	NaN
95	1	83	4	2	1	11	25	4	2	4	1	1	2	7.000000e-01	1.851000e+02	2386	1	2
95	1	84	4	2	2	53	27	4	2	4	1	1	2	7.900000e-01	1.858900e+02	4528	1	1
