LeSaS	Code = 1000	
SubNo	Group(1=OptHighReward;2=OptLowReward)	Block_trial	Block	VarDist_cond	Run_number	Targ1_position	Targ2_position	Red_targ_digit	Blue_targ_digit	Response	Targ_Choice	Acc	OutcomeCond(0=inaccurate;1=lowReward;2=highReward)	OutcomeValue	Points	RT	Optimal_Choice	Repeat_Switch
1000	2	1	0	1	1	39	23	4	5	5	2	1	NaN	0	0	4917	1	NaN
1000	2	2	0	1	2	48	47	5	2	2	2	1	NaN	0	0	2412	1	1
1000	2	3	0	2	1	27	1	4	5	4	1	1	NaN	0	0	1191	1	2
1000	2	4	0	2	2	34	36	5	3	5	1	1	NaN	0	0	1725	1	1
1000	2	5	0	2	3	41	38	2	5	2	1	1	NaN	0	0	2219	1	1
1000	2	6	0	2	4	2	40	2	3	2	1	1	NaN	0	0	2777	1	1
1000	2	7	0	2	5	21	18	2	3	3	2	1	NaN	0	0	1257	0	2
1000	2	8	0	2	6	11	2	4	2	4	1	1	NaN	0	0	2837	1	2
1000	2	9	0	1	1	49	33	5	4	5	1	1	NaN	0	0	2981	0	1
1000	2	10	0	1	2	22	10	5	4	4	2	1	NaN	0	0	2683	1	2
1000	2	1	1	1	1	51	2	2	4	4	2	1	1	3.700000e-01	3.700000e-01	1194	1	NaN
1000	2	2	1	1	2	23	19	2	5	5	2	1	1	2.600000e-01	6.300000e-01	2402	1	1
1000	2	3	1	2	1	27	14	4	5	4	1	1	1	-3.000000e-02	6.000000e-01	2123	1	2
1000	2	4	1	2	2	29	9	4	2	4	1	1	1	5.200000e-01	1.120000e+00	3654	1	1
1000	2	5	1	2	3	31	37	3	2	3	1	1	1	2.900000e-01	1.410000e+00	4117	1	1
1000	2	6	1	2	4	10	11	4	5	4	1	1	1	5.000000e-01	1.910000e+00	1810	1	1
1000	2	7	1	2	5	14	49	2	3	3	2	1	2	5.100000e-01	2.420000e+00	2958	0	2
1000	2	8	1	2	6	50	6	4	5	4	1	1	1	4.400000e-01	2.860000e+00	2492	1	2
1000	2	9	1	1	1	43	9	3	5	5	2	1	1	4.000000e-01	3.260000e+00	7150	1	2
1000	2	10	1	1	2	41	50	4	3	3	2	1	1	2.800000e-01	3.540000e+00	2884	1	1
1000	2	11	1	1	3	15	36	2	5	5	2	1	1	6.200000e-01	4.160000e+00	4272	1	1
1000	2	12	1	1	4	18	5	3	5	5	2	1	1	5.700000e-01	4.730000e+00	3399	1	1
1000	2	13	1	1	5	19	8	3	4	4	2	1	1	4.300000e-01	5.160000e+00	1560	1	1
1000	2	14	1	2	1	11	25	5	2	5	1	1	1	3.400000e-01	5.500000e+00	1535	1	2
1000	2	15	1	2	2	10	5	5	4	5	1	1	1	4.000000e-01	5.900000e+00	2010	1	1
1000	2	16	1	1	1	26	22	3	4	4	2	1	1	4.100000e-01	6.310000e+00	3971	1	2
1000	2	17	1	2	1	38	40	5	2	5	1	1	1	2.600000e-01	6.570000e+00	3763	1	2
1000	2	18	1	2	2	51	31	3	4	4	2	1	2	6.400000e-01	7.210000e+00	3300	0	2
1000	2	19	1	2	3	39	38	4	2	4	1	1	1	5.100000e-01	7.720000e+00	3534	1	2
1000	2	20	1	2	4	9	53	2	5	2	1	1	1	4.500000e-01	8.170000e+00	2414	1	1
1000	2	21	1	2	5	33	48	4	2	4	1	1	1	3.700000e-01	8.540000e+00	3769	1	1
1000	2	22	1	1	1	47	22	5	3	5	1	1	2	5.700000e-01	9.110000e+00	3193	0	1
1000	2	23	1	1	2	38	39	3	5	4	0	0	0	0	9.110000e+00	1746	NaN	NaN
1000	2	24	1	1	3	26	21	3	2	3	1	1	2	6.100000e-01	9.720000e+00	1664	0	NaN
1000	2	25	1	1	4	41	50	5	4	4	2	1	1	4.400000e-01	1.016000e+01	2470	1	2
1000	2	26	1	2	1	22	33	5	3	5	1	1	1	3.800000e-01	1.054000e+01	2272	1	2
1000	2	27	1	1	1	11	36	3	2	3	1	1	2	6.600000e-01	1.120000e+01	2466	0	1
1000	2	28	1	1	2	7	36	3	5	3	1	1	2	7.600000e-01	1.196000e+01	1619	0	1
1000	2	29	1	1	3	13	51	2	5	2	1	1	2	4.600000e-01	1.242000e+01	4569	0	1
1000	2	30	1	2	1	50	17	4	2	2	2	1	2	8.100000e-01	1.323000e+01	2036	0	2
1000	2	31	1	2	2	41	26	4	5	4	1	1	1	3.300000e-01	1.356000e+01	2477	1	2
1000	2	32	1	2	3	1	49	5	3	3	2	1	2	6.200000e-01	1.418000e+01	4705	0	2
1000	2	33	1	2	4	39	43	4	3	3	2	1	2	7.400000e-01	1.492000e+01	2964	0	1
1000	2	34	1	1	1	30	31	2	4	2	1	1	2	7.400000e-01	1.566000e+01	3447	0	2
1000	2	35	1	1	2	48	16	5	4	3	0	0	0	0	1.566000e+01	1989	NaN	NaN
1000	2	36	1	1	3	45	34	3	5	5	2	1	1	4.500000e-01	1.611000e+01	2631	1	NaN
1000	2	37	1	1	4	45	3	2	3	3	2	1	1	4.400000e-01	1.655000e+01	1315	1	1
1000	2	38	1	1	5	25	6	5	2	5	1	1	2	8.100000e-01	1.736000e+01	994	0	2
1000	2	39	1	1	6	52	10	5	2	2	2	1	1	3.000000e-01	1.766000e+01	2884	1	2
1000	2	40	1	2	1	7	49	5	2	5	1	1	1	2.500000e-01	1.791000e+01	2639	1	2
1000	2	41	1	2	2	17	36	5	2	5	1	1	1	2.600000e-01	1.817000e+01	1157	1	1
1000	2	42	1	2	3	8	11	2	5	2	1	1	1	3.000000e-01	1.847000e+01	1760	1	1
1000	2	43	1	1	1	49	48	3	2	2	2	1	1	4.800000e-01	1.895000e+01	5872	1	2
1000	2	44	1	1	2	40	37	3	2	2	2	1	1	1.500000e-01	1.910000e+01	1098	1	1
1000	2	45	1	1	3	25	3	2	4	4	2	1	1	2.900000e-01	1.939000e+01	658	1	1
1000	2	46	1	1	4	5	10	3	4	4	2	1	1	3.700000e-01	1.976000e+01	3308	1	1
1000	2	47	1	1	5	24	34	3	5	3	1	1	2	7.600000e-01	2.052000e+01	2417	0	2
1000	2	48	1	2	1	44	43	2	5	2	1	1	1	2.200000e-01	2.074000e+01	6315	1	1
1000	2	49	1	2	2	28	26	4	5	4	1	1	1	3.200000e-01	2.106000e+01	1180	1	1
1000	2	50	1	2	3	27	32	2	4	2	1	1	1	3.500000e-01	2.141000e+01	1515	1	1
1000	2	51	1	2	4	29	13	5	3	5	1	1	1	3.400000e-01	2.175000e+01	1988	1	1
1000	2	52	1	2	5	2	19	2	4	4	2	1	2	7.100000e-01	2.246000e+01	3053	0	2
1000	2	53	1	2	6	15	41	2	3	2	1	1	1	3.200000e-01	2.278000e+01	1090	1	2
1000	2	54	1	1	1	31	50	5	3	5	1	1	2	5.800000e-01	2.336000e+01	5804	0	1
1000	2	55	1	2	1	2	43	5	3	5	1	1	1	2.900000e-01	2.365000e+01	2037	1	1
1000	2	56	1	1	1	43	20	2	3	2	1	1	2	6.700000e-01	2.432000e+01	3726	0	1
1000	2	57	1	1	2	30	20	5	3	5	1	1	2	8.300000e-01	2.515000e+01	2978	0	1
1000	2	58	1	1	3	46	31	5	2	3	0	0	0	0	2.515000e+01	4094	NaN	NaN
1000	2	59	1	1	4	4	52	4	2	2	2	1	1	3.800000e-01	2.553000e+01	1793	1	NaN
1000	2	60	1	2	1	44	27	2	4	4	2	1	2	6.800000e-01	2.621000e+01	2763	0	1
1000	2	61	1	2	2	8	41	4	3	2	0	0	0	0	2.621000e+01	3256	NaN	NaN
1000	2	62	1	2	3	28	48	5	4	4	2	1	2	7.000000e-01	2.691000e+01	2940	0	NaN
1000	2	63	1	1	1	24	20	5	4	4	2	1	1	3.900000e-01	2.730000e+01	3931	1	1
1000	2	64	1	1	2	25	9	4	5	5	2	1	1	5.400000e-01	2.784000e+01	1047	1	1
1000	2	65	1	2	1	19	27	4	3	3	2	1	2	7.000000e-01	2.854000e+01	1945	0	1
1000	2	66	1	2	2	33	4	2	4	4	2	1	2	8.400000e-01	2.938000e+01	3885	0	1
1000	2	67	1	2	3	29	17	4	2	2	2	1	2	7.000000e-01	3.008000e+01	4238	0	1
1000	2	68	1	2	4	17	26	4	5	5	2	1	2	7.600000e-01	3.084000e+01	4856	0	1
1000	2	69	1	2	5	13	34	2	3	5	0	0	0	0	3.084000e+01	4530	NaN	NaN
1000	2	70	1	1	1	50	39	2	3	2	1	1	2	7.400000e-01	3.158000e+01	2420	0	NaN
1000	2	71	1	1	2	6	2	2	5	5	2	1	1	5.400000e-01	3.212000e+01	1051	1	2
1000	2	72	1	1	3	5	2	4	3	3	2	1	1	2.200000e-01	3.234000e+01	844	1	1
1000	2	73	1	2	1	32	16	4	2	2	2	1	2	5.600000e-01	3.290000e+01	1282	0	1
1000	2	74	1	2	2	25	33	4	3	4	1	1	1	3.800000e-01	3.328000e+01	2291	1	2
1000	2	75	1	1	1	39	29	2	3	3	2	1	1	4.400000e-01	3.372000e+01	670	1	2
1000	2	76	1	1	2	36	49	3	2	4	0	0	0	0	3.372000e+01	0	NaN	NaN
1000	2	77	1	1	3	9	49	3	4	3	1	1	2	6.900000e-01	3.441000e+01	5787	0	NaN
1000	2	78	1	1	4	19	28	3	5	3	1	1	2	6.400000e-01	3.505000e+01	4499	0	1
1000	2	79	1	1	5	3	12	3	2	3	1	1	2	8.400000e-01	3.589000e+01	2182	0	1
1000	2	80	1	1	6	6	40	5	4	5	1	1	2	5.900000e-01	3.648000e+01	8477	0	1
1000	2	81	1	2	1	33	51	4	3	3	2	1	2	7.600000e-01	3.724000e+01	4814	0	2
1000	2	82	1	2	2	12	22	3	4	3	1	1	1	5.600000e-01	3.780000e+01	1284	1	2
1000	2	83	1	2	3	27	9	3	4	4	2	1	2	7.100000e-01	3.851000e+01	2629	0	2
1000	2	84	1	2	4	45	9	5	4	4	2	1	2	5.700000e-01	3.908000e+01	2934	0	1
1000	2	1	2	2	1	3	19	2	4	2	1	1	1	6.200000e-01	3.970000e+01	863	1	NaN
1000	2	2	2	1	1	35	20	5	3	5	1	1	2	5.700000e-01	4.027000e+01	3303	0	1
1000	2	3	2	2	1	20	2	3	5	5	2	1	2	7.000000e-01	4.097000e+01	5047	0	2
1000	2	4	2	2	2	14	7	2	3	2	1	1	1	4.300000e-01	4.140000e+01	934	1	2
1000	2	5	2	2	3	3	44	2	5	2	1	1	1	4.800000e-01	4.188000e+01	1203	1	1
1000	2	6	2	1	1	30	2	3	2	2	2	1	1	3.300000e-01	4.221000e+01	1202	1	2
1000	2	7	2	1	2	48	52	5	4	5	1	1	2	7.400000e-01	4.295000e+01	3163	0	2
1000	2	8	2	1	3	4	5	4	5	4	1	1	2	4.600000e-01	4.341000e+01	2161	0	1
1000	2	9	2	2	1	37	41	2	5	5	2	1	2	6.700000e-01	4.408000e+01	8204	0	2
1000	2	10	2	2	2	27	6	5	2	2	2	1	2	5.800000e-01	4.466000e+01	1364	0	1
1000	2	11	2	2	3	5	52	5	4	5	1	1	1	1.300000e-01	4.479000e+01	1252	1	2
1000	2	12	2	2	4	34	23	4	3	3	2	1	2	8.000000e-01	4.559000e+01	6278	0	2
1000	2	13	2	1	1	17	11	2	5	5	2	1	1	5.100000e-01	4.610000e+01	4743	1	1
1000	2	14	2	1	2	11	37	3	2	2	2	1	1	3.600000e-01	4.646000e+01	2213	1	1
1000	2	15	2	1	3	5	15	5	2	5	1	1	2	5.400000e-01	4.700000e+01	38318	0	2
1000	2	16	2	1	4	36	35	3	5	5	2	1	1	6.200000e-01	4.762000e+01	5368	1	2
1000	2	17	2	1	5	28	42	2	3	3	2	1	1	2.900000e-01	4.791000e+01	2046	1	1
1000	2	18	2	2	1	33	50	5	4	5	1	1	1	4.400000e-01	4.835000e+01	4114	1	2
1000	2	19	2	2	2	33	25	4	3	4	1	1	1	3.200000e-01	4.867000e+01	867	1	1
1000	2	20	2	2	3	42	50	4	5	5	2	1	2	8.200000e-01	4.949000e+01	4561	0	2
1000	2	21	2	2	4	43	30	4	5	4	1	1	1	3.700000e-01	4.986000e+01	5319	1	2
1000	2	22	2	2	5	51	54	5	2	5	1	1	1	2.800000e-01	5.014000e+01	3630	1	1
1000	2	23	2	1	1	22	28	5	4	5	1	1	2	6.800000e-01	5.082000e+01	2729	0	1
1000	2	24	2	1	2	38	25	3	4	3	1	1	2	6.500000e-01	5.147000e+01	2148	0	1
1000	2	25	2	1	3	48	4	2	5	2	1	1	2	8.300000e-01	5.230000e+01	3998	0	1
1000	2	26	2	1	4	35	10	4	3	4	1	1	2	7.500000e-01	5.305000e+01	7542	0	1
1000	2	27	2	1	5	52	17	5	3	5	1	1	2	7.100000e-01	5.376000e+01	4549	0	1
1000	2	28	2	1	6	32	27	5	3	3	2	1	1	2.600000e-01	5.402000e+01	3750	1	2
1000	2	29	2	2	1	48	52	3	2	2	2	1	2	5.700000e-01	5.459000e+01	2715	0	1
1000	2	30	2	2	2	33	42	3	5	5	2	1	2	7.400000e-01	5.533000e+01	3288	0	1
1000	2	31	2	2	3	40	52	5	3	3	2	1	2	8.400000e-01	5.617000e+01	7043	0	1
1000	2	32	2	2	4	39	28	5	3	3	2	1	2	5.700000e-01	5.674000e+01	2797	0	1
1000	2	33	2	2	5	3	48	3	2	2	2	1	2	5.200000e-01	5.726000e+01	2862	0	1
1000	2	34	2	2	6	14	27	2	4	2	1	1	1	5.400000e-01	5.780000e+01	17080	1	2
1000	2	35	2	1	1	7	28	4	2	4	1	1	2	6.800000e-01	5.848000e+01	1876	0	1
1000	2	36	2	1	2	20	2	3	2	2	2	1	1	2.400000e-01	5.872000e+01	1360	1	2
1000	2	37	2	1	3	43	44	4	3	3	2	1	1	1.900000e-01	5.891000e+01	3277	1	1
1000	2	38	2	1	4	36	19	5	4	5	1	1	2	8.100000e-01	5.972000e+01	3722	0	2
1000	2	39	2	2	1	28	3	4	5	4	1	1	1	5.100000e-01	6.023000e+01	3270	1	1
1000	2	40	2	2	2	23	36	4	5	5	2	1	2	8.800000e-01	6.111000e+01	4647	0	2
1000	2	41	2	1	1	4	8	3	4	3	1	1	2	7.400000e-01	6.185000e+01	1452	0	2
1000	2	42	2	1	2	54	21	3	4	4	2	1	1	3.400000e-01	6.219000e+01	3305	1	2
1000	2	43	2	2	1	37	22	4	2	4	1	1	1	5.900000e-01	6.278000e+01	1371	1	2
1000	2	44	2	2	2	16	24	4	3	3	2	1	2	8.200000e-01	6.360000e+01	2272	0	2
1000	2	45	2	2	3	54	9	5	3	3	2	1	2	4.600000e-01	6.406000e+01	9433	0	1
1000	2	46	2	1	1	20	24	4	2	4	1	1	2	6.700000e-01	6.473000e+01	2923	0	2
1000	2	47	2	1	2	32	22	5	4	4	2	1	1	6.200000e-01	6.535000e+01	1935	1	2
1000	2	48	2	1	3	7	31	2	4	2	1	1	2	5.900000e-01	6.594000e+01	1550	0	2
1000	2	49	2	1	4	17	46	3	4	3	1	1	2	7.000000e-01	6.664000e+01	884	0	1
1000	2	50	2	1	5	5	22	3	5	5	2	1	1	2.900000e-01	6.693000e+01	2666	1	2
1000	2	51	2	1	6	44	23	3	5	5	2	1	1	4.900000e-01	6.742000e+01	4945	1	1
1000	2	52	2	2	1	15	51	5	2	2	2	1	2	5.900000e-01	6.801000e+01	6441	0	1
1000	2	53	2	2	2	4	53	2	4	2	1	1	1	3.400000e-01	6.835000e+01	1398	1	2
1000	2	54	2	2	3	12	25	3	4	4	2	1	2	5.800000e-01	6.893000e+01	2589	0	2
1000	2	55	2	2	4	17	14	4	2	4	1	1	1	3.100000e-01	6.924000e+01	2564	1	2
1000	2	56	2	2	5	3	23	4	2	4	1	1	1	4.600000e-01	6.970000e+01	970	1	1
1000	2	57	2	1	1	10	13	2	3	2	1	1	2	6.800000e-01	7.038000e+01	3057	0	1
1000	2	58	2	1	2	43	40	5	2	2	2	1	1	3.300000e-01	7.071000e+01	2479	1	2
1000	2	59	2	1	3	38	26	3	5	5	2	1	1	2.200000e-01	7.093000e+01	3814	1	1
1000	2	60	2	1	4	44	27	5	2	2	2	1	1	1.600000e-01	7.109000e+01	2385	1	1
1000	2	61	2	1	5	35	18	2	3	3	2	1	1	3.800000e-01	7.147000e+01	1752	1	1
1000	2	62	2	2	1	11	22	5	3	5	1	1	1	3.900000e-01	7.186000e+01	2657	1	2
1000	2	63	2	2	2	31	54	4	2	4	1	1	1	3.700000e-01	7.223000e+01	3622	1	1
1000	2	64	2	1	1	29	53	4	3	3	2	1	1	1.100000e-01	7.234000e+01	1314	1	2
1000	2	65	2	1	2	42	54	3	4	3	1	1	2	7.500000e-01	7.309000e+01	3612	0	2
1000	2	66	2	1	3	10	23	4	3	3	2	1	1	3.600000e-01	7.345000e+01	3313	1	2
1000	2	67	2	2	1	49	10	2	3	3	2	1	2	8.100000e-01	7.426000e+01	3252	0	1
1000	2	68	2	2	2	3	25	2	4	2	1	1	1	3.500000e-01	7.461000e+01	4157	1	2
1000	2	69	2	2	3	38	8	5	4	4	2	1	2	6.900000e-01	7.530000e+01	2180	0	2
1000	2	70	2	2	4	50	49	2	3	2	1	1	1	2.600000e-01	7.556000e+01	4613	1	2
1000	2	71	2	1	1	44	34	4	5	4	1	1	2	5.400000e-01	7.610000e+01	3325	0	1
1000	2	72	2	1	2	38	52	2	4	2	1	1	2	6.300000e-01	7.673000e+01	1452	0	1
1000	2	73	2	1	3	50	28	2	4	4	2	1	1	5.000000e-01	7.723000e+01	2613	1	2
1000	2	74	2	1	4	37	49	2	5	2	1	1	2	8.800000e-01	7.811000e+01	12157	0	2
1000	2	75	2	2	1	16	20	2	5	5	2	1	2	5.100000e-01	7.862000e+01	2699	0	2
1000	2	76	2	2	2	17	22	4	5	5	2	1	2	7.100000e-01	7.933000e+01	2219	0	1
1000	2	77	2	2	3	30	8	3	2	2	2	1	2	6.600000e-01	7.999000e+01	3187	0	1
1000	2	78	2	2	4	9	13	2	3	2	1	1	1	3.500000e-01	8.034000e+01	2789	1	2
1000	2	79	2	2	5	28	32	4	2	2	2	1	2	7.600000e-01	8.110000e+01	11947	0	2
1000	2	80	2	2	6	36	4	3	2	2	2	1	2	5.500000e-01	8.165000e+01	1170	0	1
1000	2	81	2	1	1	11	2	5	2	2	2	1	1	2.100000e-01	8.186000e+01	6274	1	1
1000	2	82	2	1	2	23	22	3	4	3	1	1	2	7.000000e-01	8.256000e+01	2477	0	2
1000	2	83	2	2	1	7	43	2	5	2	1	1	1	3.700000e-01	8.293000e+01	1687	1	1
1000	2	84	2	1	1	43	14	3	5	3	1	1	2	6.400000e-01	8.357000e+01	1543	0	1
1000	2	1	3	1	1	31	47	2	3	2	1	1	2	6.400000e-01	8.421000e+01	2712	0	NaN
1000	2	2	3	1	2	24	30	3	4	3	1	1	2	7.700000e-01	8.498000e+01	1829	0	1
1000	2	3	3	1	3	2	30	5	2	2	2	1	1	2.600000e-01	8.524000e+01	5398	1	2
1000	2	4	3	1	4	40	9	4	5	4	1	1	2	6.500000e-01	8.589000e+01	4176	0	2
1000	2	5	3	1	5	28	14	4	5	5	2	1	1	4.200000e-01	8.631000e+01	2965	1	2
1000	2	6	3	1	6	37	5	4	5	4	1	1	2	7.000000e-01	8.701000e+01	5670	0	2
1000	2	7	3	2	1	29	40	5	4	4	2	1	2	8.500000e-01	8.786000e+01	1976	0	2
1000	2	8	3	2	2	14	33	5	4	4	2	1	2	6.600000e-01	8.852000e+01	9173	0	1
1000	2	9	3	1	1	25	8	3	5	5	2	1	1	3.300000e-01	8.885000e+01	6671	1	1
1000	2	10	3	1	2	26	22	3	4	4	2	1	1	2.900000e-01	8.914000e+01	2237	1	1
1000	2	11	3	2	1	38	28	3	5	3	1	1	1	2.700000e-01	8.941000e+01	4452	1	2
1000	2	12	3	2	2	52	50	5	4	4	2	1	2	7.800000e-01	9.019000e+01	3569	0	2
1000	2	13	3	2	3	25	23	4	2	2	2	1	2	5.100000e-01	9.070000e+01	7723	0	1
1000	2	14	3	2	4	43	9	2	4	4	2	1	2	6.300000e-01	9.133000e+01	3649	0	1
1000	2	15	3	2	5	28	7	2	4	4	2	1	2	3.600000e-01	9.169000e+01	1625	0	1
1000	2	16	3	2	6	27	3	5	2	2	2	1	2	7.600000e-01	9.245000e+01	1238	0	1
1000	2	17	3	1	1	6	10	4	3	3	2	1	1	4.000000e-01	9.285000e+01	1752	1	1
1000	2	18	3	1	2	36	1	5	2	2	2	1	1	4.400000e-01	9.329000e+01	3297	1	1
1000	2	19	3	1	3	43	20	4	2	2	2	1	1	2.100000e-01	9.350000e+01	2548	1	1
1000	2	20	3	2	1	31	27	2	5	5	2	1	2	6.600000e-01	9.416000e+01	3162	0	1
1000	2	21	3	1	1	14	46	2	3	2	1	1	2	6.800000e-01	9.484000e+01	1614	0	2
1000	2	22	3	2	1	24	10	3	5	3	1	1	1	1.200000e-01	9.496000e+01	8192	1	1
1000	2	23	3	2	2	1	14	5	4	5	1	1	1	1.200000e-01	9.508000e+01	6061	1	1
1000	2	24	3	2	3	30	36	5	3	3	2	1	2	5.900000e-01	9.567000e+01	4832	0	2
1000	2	25	3	2	4	30	31	5	4	5	1	1	1	4.900000e-01	9.616000e+01	8109	1	2
1000	2	26	3	1	1	16	47	4	2	2	2	1	1	5.800000e-01	9.674000e+01	6477	1	2
1000	2	27	3	1	2	35	42	4	3	4	1	1	2	6.900000e-01	9.743000e+01	1323	0	2
1000	2	28	3	1	3	13	19	5	3	5	1	1	2	4.700000e-01	9.790000e+01	6431	0	1
1000	2	29	3	1	4	1	35	2	5	2	1	1	2	7.000000e-01	9.860000e+01	941	0	1
1000	2	30	3	1	5	42	6	2	5	2	1	1	2	7.100000e-01	9.931000e+01	3673	0	1
1000	2	31	3	2	1	30	38	5	3	3	2	1	2	6.600000e-01	9.997000e+01	2062	0	2
1000	2	32	3	2	2	28	9	4	3	3	2	1	2	6.900000e-01	1.006600e+02	2418	0	1
1000	2	33	3	2	3	31	7	4	5	4	1	1	1	1.200000e-01	1.007800e+02	4353	1	2
1000	2	34	3	2	4	45	6	3	2	2	2	1	2	4.900000e-01	1.012700e+02	6319	0	2
1000	2	35	3	2	5	15	13	4	5	4	1	1	1	4.300000e-01	1.017000e+02	10351	1	2
1000	2	36	3	1	1	23	45	2	5	2	1	1	2	6.400000e-01	1.023400e+02	2188	0	1
1000	2	37	3	1	2	5	14	5	3	3	2	1	1	1.400000e-01	1.024800e+02	8054	1	2
1000	2	38	3	1	3	2	8	3	2	3	1	1	2	6.300000e-01	1.031100e+02	998	0	2
1000	2	39	3	1	4	17	52	5	3	5	1	1	2	5.700000e-01	1.036800e+02	14230	0	1
1000	2	40	3	2	1	11	21	2	3	2	1	1	1	4.100000e-01	1.040900e+02	1510	1	1
1000	2	41	3	2	2	11	26	4	5	5	2	1	2	6.600000e-01	1.047500e+02	2518	0	2
1000	2	42	3	2	3	14	37	2	4	4	2	1	2	7.100000e-01	1.054600e+02	6816	0	1
1000	2	43	3	1	1	23	46	3	4	3	1	1	2	7.300000e-01	1.061900e+02	2545	0	2
1000	2	44	3	1	2	26	30	5	3	5	1	1	2	5.500000e-01	1.067400e+02	3263	0	1
1000	2	45	3	1	3	17	46	5	2	5	1	1	2	6.800000e-01	1.074200e+02	1420	0	1
1000	2	46	3	1	4	33	8	4	3	3	2	1	1	3.200000e-01	1.077400e+02	3093	1	2
1000	2	47	3	1	5	17	46	3	5	3	1	1	2	7.500000e-01	1.084900e+02	948	0	2
1000	2	48	3	2	1	52	46	4	3	3	2	1	2	8.900000e-01	1.093800e+02	3958	0	2
1000	2	49	3	1	1	29	34	3	2	3	1	1	2	7.100000e-01	1.100900e+02	2003	0	2
1000	2	50	3	1	2	23	28	3	2	2	2	1	1	3.200000e-01	1.104100e+02	1673	1	2
1000	2	51	3	1	3	26	2	2	3	2	1	1	2	6.700000e-01	1.110800e+02	1039	0	2
1000	2	52	3	2	1	43	6	4	2	4	1	1	1	2.600000e-01	1.113400e+02	7680	1	1
1000	2	53	3	2	2	27	51	4	2	4	1	1	1	1.300000e-01	1.114700e+02	4949	1	1
1000	2	54	3	1	1	51	9	4	3	4	1	1	2	7.200000e-01	1.121900e+02	3592	0	1
1000	2	55	3	1	2	46	6	2	4	4	2	1	1	2.800000e-01	1.124700e+02	3574	1	2
1000	2	56	3	1	3	18	2	2	3	2	1	1	2	7.100000e-01	1.131800e+02	1455	0	2
1000	2	57	3	1	4	26	16	5	4	4	2	1	1	3.400000e-01	1.135200e+02	1265	1	2
1000	2	58	3	1	5	17	41	5	2	5	1	1	2	6.100000e-01	1.141300e+02	1064	0	2
1000	2	59	3	1	6	54	33	2	5	2	1	1	2	7.000000e-01	1.148300e+02	5924	0	1
1000	2	60	3	2	1	43	11	3	5	3	1	1	1	4.200000e-01	1.152500e+02	4809	1	1
1000	2	61	3	2	2	5	36	4	5	5	2	1	2	6.900000e-01	1.159400e+02	4998	0	2
1000	2	62	3	2	3	7	39	3	4	4	2	1	2	6.800000e-01	1.166200e+02	1570	0	1
1000	2	63	3	2	4	35	31	2	5	2	1	1	1	2.100000e-01	1.168300e+02	9816	1	2
1000	2	64	3	2	5	11	8	3	2	2	2	1	2	8.200000e-01	1.176500e+02	4013	0	2
1000	2	65	3	2	6	2	19	4	2	2	2	1	2	8.100000e-01	1.184600e+02	3460	0	1
1000	2	66	3	1	1	9	7	5	2	2	2	1	1	3.000000e-02	1.184900e+02	1526	1	1
1000	2	67	3	1	2	53	31	2	3	2	1	1	2	4.200000e-01	1.189100e+02	2995	0	2
1000	2	68	3	2	1	17	6	2	4	2	1	1	1	3.800000e-01	1.192900e+02	1962	1	1
1000	2	69	3	2	2	45	7	2	5	2	1	1	1	2.300000e-01	1.195200e+02	3547	1	1
1000	2	70	3	2	3	43	20	4	3	3	2	1	2	5.200000e-01	1.200400e+02	3064	0	2
1000	2	71	3	1	1	9	54	3	4	3	1	1	2	9.800000e-01	1.210200e+02	4163	0	2
1000	2	72	3	2	1	20	41	3	4	3	1	1	1	2.300000e-01	1.212500e+02	2185	1	1
1000	2	73	3	2	2	12	53	3	4	3	1	1	1	1.900000e-01	1.214400e+02	5041	1	1
1000	2	74	3	2	3	13	7	2	4	2	1	1	1	3.700000e-01	1.218100e+02	678	1	1
1000	2	75	3	2	4	20	45	3	5	3	1	1	1	2.500000e-01	1.220600e+02	3333	1	1
1000	2	76	3	2	5	51	53	2	3	3	2	1	2	5.300000e-01	1.225900e+02	4040	0	2
1000	2	77	3	1	1	28	21	2	4	2	1	1	2	5.000000e-01	1.230900e+02	1685	0	2
1000	2	78	3	1	2	54	27	4	2	2	2	1	1	2.600000e-01	1.233500e+02	3753	1	2
1000	2	79	3	1	3	4	19	5	4	5	1	1	2	7.300000e-01	1.240800e+02	2253	0	2
1000	2	80	3	1	4	28	16	3	5	5	2	1	1	1.600000e-01	1.242400e+02	2175	1	2
1000	2	81	3	2	1	23	31	5	3	5	1	1	1	3.200000e-01	1.245600e+02	7424	1	2
1000	2	82	3	2	2	14	40	5	2	5	1	1	1	3.300000e-01	1.248900e+02	1651	1	1
1000	2	83	3	2	3	50	48	3	2	3	1	1	1	2.900000e-01	1.251800e+02	5322	1	1
1000	2	84	3	2	4	5	8	3	2	2	2	1	2	7.800000e-01	1.259600e+02	5528	0	2
