LeSaS1	Code = 64	
SubNo	Group(1=OptHighReward;2=OptLowReward)	Block_trial	Block	VarDist_cond	Run_number	Targ1_position	Targ2_position	Red_targ_digit	Blue_targ_digit	Response	Targ_Choice	Acc	OutcomeCond(0=inaccurate;1=lowReward;2=highReward)	OutcomeValue	Points	RT	Optimal_Choice	Repeat_Switch
64	2	1	0	1	1	37	38	2	3	2	1	1	NaN	0	0	6474	0	NaN
64	2	2	0	1	2	34	7	3	4	3	1	1	NaN	0	0	5840	0	1
64	2	3	0	1	3	7	25	3	2	3	1	1	NaN	0	0	6229	0	1
64	2	4	0	1	4	43	1	5	3	3	2	1	NaN	0	0	8821	1	2
64	2	5	0	1	5	1	12	2	4	3	0	0	NaN	0	0	8269	NaN	NaN
64	2	6	0	2	1	22	52	3	2	2	2	1	NaN	0	0	2202	0	NaN
64	2	7	0	2	2	16	54	5	4	5	1	1	NaN	0	0	3971	1	2
64	2	8	0	2	3	30	13	3	4	4	2	1	NaN	0	0	6516	0	2
64	2	9	0	2	4	28	37	3	2	3	1	1	NaN	0	0	4039	1	2
64	2	10	0	2	5	3	8	4	3	5	0	0	NaN	0	0	5751	NaN	NaN
64	2	1	1	1	1	34	43	3	4	3	1	1	2	6.200000e-01	6.200000e-01	3850	0	NaN
64	2	2	1	1	2	13	15	5	3	3	2	1	1	1.400000e-01	7.600000e-01	3395	1	2
64	2	3	1	1	3	34	52	2	3	3	2	1	1	3.500000e-01	1.110000e+00	3374	1	1
64	2	4	1	1	4	50	33	3	4	4	2	1	1	3.700000e-01	1.480000e+00	3022	1	1
64	2	5	1	1	5	49	12	5	4	4	2	1	1	2.000000e-01	1.680000e+00	1183	1	1
64	2	6	1	2	1	27	45	2	5	5	2	1	2	8.100000e-01	2.490000e+00	7436	0	1
64	2	7	1	2	2	5	25	2	3	2	1	1	1	4.700000e-01	2.960000e+00	2209	1	2
64	2	8	1	2	3	48	19	2	4	5	0	0	0	0	2.960000e+00	1983	NaN	NaN
64	2	9	1	2	4	53	28	2	4	2	1	1	1	3.300000e-01	3.290000e+00	7191	1	NaN
64	2	10	1	2	5	43	17	3	2	2	2	1	2	7.100000e-01	4	3570	0	2
64	2	11	1	2	6	53	4	2	3	3	2	1	2	6.900000e-01	4.690000e+00	1376	0	1
64	2	12	1	1	1	23	11	5	3	3	2	1	1	3.100000e-01	5.000000e+00	1172	1	1
64	2	13	1	1	2	9	29	3	2	2	2	1	1	4.200000e-01	5.420000e+00	2065	1	1
64	2	14	1	1	3	51	44	3	5	3	1	1	2	6.000000e-01	6.020000e+00	4851	0	2
64	2	15	1	1	4	47	1	3	5	5	2	1	1	5.900000e-01	6.610000e+00	3360	1	2
64	2	16	1	2	1	44	30	3	5	5	2	1	2	6.500000e-01	7.260000e+00	3090	0	1
64	2	17	1	2	2	10	46	5	3	3	2	1	2	6.800000e-01	7.940000e+00	2131	0	1
64	2	18	1	1	1	47	23	5	2	2	2	1	1	4.600000e-01	8.400000e+00	4547	1	1
64	2	19	1	1	2	54	33	5	4	4	2	1	1	3.400000e-01	8.740000e+00	5345	1	1
64	2	20	1	1	3	42	25	5	2	2	2	1	1	3.200000e-01	9.060000e+00	2389	1	1
64	2	21	1	2	1	41	42	5	2	2	2	1	2	5.700000e-01	9.630000e+00	5364	0	1
64	2	22	1	2	2	41	50	5	4	4	2	1	2	7.000000e-01	1.033000e+01	3893	0	1
64	2	23	1	2	3	2	23	4	3	4	1	1	1	1.800000e-01	1.051000e+01	10468	1	2
64	2	24	1	2	4	45	44	3	2	4	0	0	0	0	1.051000e+01	4276	NaN	NaN
64	2	25	1	2	5	6	9	3	4	3	1	1	1	4.200000e-01	1.093000e+01	7979	1	NaN
64	2	26	1	1	1	13	46	5	2	5	1	1	2	8.600000e-01	1.179000e+01	4082	0	1
64	2	27	1	2	1	30	2	4	2	2	2	1	2	5.900000e-01	1.238000e+01	1253	0	2
64	2	28	1	2	2	28	39	4	5	5	2	1	2	7.700000e-01	1.315000e+01	8421	0	1
64	2	29	1	2	3	2	41	5	4	5	1	1	1	4.800000e-01	1.363000e+01	13652	1	2
64	2	30	1	1	1	9	15	4	5	5	2	1	1	1.500000e-01	1.378000e+01	2036	1	2
64	2	31	1	1	2	49	9	5	4	5	1	1	2	5.000000e-01	1.428000e+01	7347	0	2
64	2	32	1	2	1	41	5	4	2	5	0	0	0	0	1.428000e+01	3441	NaN	NaN
64	2	33	1	2	2	3	43	2	4	4	2	1	2	7.300000e-01	1.501000e+01	2716	0	NaN
64	2	34	1	2	3	28	1	3	4	4	2	1	2	6.200000e-01	1.563000e+01	3090	0	1
64	2	35	1	2	4	13	45	4	2	2	2	1	2	7.500000e-01	1.638000e+01	4835	0	1
64	2	36	1	1	1	34	26	3	2	2	2	1	1	4.300000e-01	1.681000e+01	1573	1	1
64	2	37	1	1	2	3	24	2	5	5	2	1	1	4.200000e-01	1.723000e+01	1668	1	1
64	2	38	1	1	3	29	44	5	2	5	1	1	2	8.200000e-01	1.805000e+01	1461	0	2
64	2	39	1	1	4	39	51	2	4	4	2	1	1	4.100000e-01	1.846000e+01	1893	1	2
64	2	40	1	1	5	15	18	2	5	2	1	1	2	8.100000e-01	1.927000e+01	1444	0	2
64	2	41	1	1	6	46	22	2	5	5	2	1	1	1.900000e-01	1.946000e+01	5923	1	2
64	2	42	1	2	1	6	5	4	3	4	1	1	1	3.300000e-01	1.979000e+01	1347	1	2
64	2	43	1	1	1	7	41	4	3	4	1	1	2	6.500000e-01	2.044000e+01	1428	0	1
64	2	44	1	1	2	36	31	4	3	3	2	1	1	1.400000e-01	2.058000e+01	3732	1	2
64	2	45	1	1	3	27	32	5	4	4	2	1	1	3.600000e-01	2.094000e+01	2612	1	1
64	2	46	1	1	4	6	13	3	5	5	2	1	1	2.100000e-01	2.115000e+01	1490	1	1
64	2	47	1	2	1	1	22	3	4	3	1	1	1	5.000000e-01	2.165000e+01	1942	1	2
64	2	48	1	2	2	35	52	4	2	2	2	1	2	5.700000e-01	2.222000e+01	2133	0	2
64	2	49	1	2	3	28	48	4	5	5	2	1	2	7.300000e-01	2.295000e+01	3316	0	1
64	2	50	1	2	4	51	28	5	3	5	1	1	1	3.600000e-01	2.331000e+01	9604	1	2
64	2	51	1	1	1	31	22	4	3	4	1	1	2	5.600000e-01	2.387000e+01	2053	0	1
64	2	52	1	1	2	48	2	4	3	4	1	1	2	4.100000e-01	2.428000e+01	2930	0	1
64	2	53	1	1	3	13	5	2	5	5	2	1	1	3.300000e-01	2.461000e+01	3171	1	2
64	2	54	1	1	4	8	48	5	3	5	1	1	2	5.500000e-01	2.516000e+01	7106	0	2
64	2	55	1	1	5	23	54	3	2	2	2	1	1	4.100000e-01	2.557000e+01	2817	1	2
64	2	56	1	2	1	35	52	5	2	5	1	1	1	3.900000e-01	2.596000e+01	4163	1	2
64	2	57	1	2	2	28	29	4	3	3	2	1	2	8.700000e-01	2.683000e+01	4597	0	2
64	2	58	1	2	3	34	19	2	3	3	2	1	2	7.400000e-01	2.757000e+01	3911	0	1
64	2	59	1	1	1	20	1	5	4	4	2	1	1	2.600000e-01	2.783000e+01	2707	1	1
64	2	60	1	1	2	53	48	4	5	4	1	1	2	7.100000e-01	2.854000e+01	3525	0	2
64	2	61	1	2	1	12	11	5	2	3	0	0	0	0	2.854000e+01	7973	NaN	NaN
64	2	62	1	2	2	44	14	2	3	3	2	1	2	5.500000e-01	2.909000e+01	5364	0	NaN
64	2	63	1	2	3	19	23	3	2	3	1	1	1	3.300000e-01	2.942000e+01	1285	1	2
64	2	64	1	2	4	8	28	3	5	3	1	1	1	3.300000e-01	2.975000e+01	4371	1	1
64	2	65	1	2	5	38	14	4	5	5	2	1	2	6.700000e-01	3.042000e+01	6293	0	2
64	2	66	1	1	1	4	42	2	5	2	1	1	2	6.300000e-01	3.105000e+01	1203	0	2
64	2	67	1	2	1	40	21	2	3	3	2	1	2	8.000000e-01	3.185000e+01	10037	0	2
64	2	68	1	1	1	9	12	2	4	4	2	1	1	1.100000e-01	3.196000e+01	4356	1	1
64	2	69	1	1	2	7	46	3	5	5	2	1	1	3.800000e-01	3.234000e+01	9683	1	1
64	2	70	1	1	3	38	21	5	3	5	1	1	2	7.700000e-01	3.311000e+01	2115	0	2
64	2	71	1	1	4	54	13	2	4	4	2	1	1	4.200000e-01	3.353000e+01	4067	1	2
64	2	72	1	1	5	24	54	5	3	3	2	1	1	4.000000e-01	3.393000e+01	1617	1	1
64	2	73	1	1	6	25	11	3	4	3	1	1	2	6.700000e-01	3.460000e+01	2709	0	2
64	2	74	1	2	1	32	1	4	2	2	2	1	2	7.500000e-01	3.535000e+01	5205	0	2
64	2	75	1	2	2	34	51	4	2	2	2	1	2	7.300000e-01	3.608000e+01	5957	0	1
64	2	76	1	2	3	14	35	3	2	2	2	1	2	6.400000e-01	3.672000e+01	7364	0	1
64	2	77	1	2	4	20	13	2	5	5	2	1	2	6.200000e-01	3.734000e+01	1558	0	1
64	2	78	1	2	5	47	24	4	5	5	2	1	2	6.300000e-01	3.797000e+01	6515	0	1
64	2	79	1	2	6	39	33	2	4	2	1	1	1	1.600000e-01	3.813000e+01	4163	1	2
64	2	80	1	1	1	29	50	2	3	3	2	1	1	3.100000e-01	3.844000e+01	5365	1	2
64	2	81	1	1	2	37	43	4	2	4	1	1	2	6.800000e-01	3.912000e+01	2308	0	2
64	2	82	1	1	3	4	32	4	5	4	1	1	2	7.000000e-01	3.982000e+01	2196	0	1
64	2	83	1	2	1	8	32	3	4	4	2	1	2	8.400000e-01	4.066000e+01	4292	0	2
64	2	84	1	2	2	40	18	3	5	5	2	1	2	6.300000e-01	4.129000e+01	2851	0	1
